devrx_packets,devtxAP_packets,devrxAP_packets,devtx_packets,phyrx0k_packets,phyrxerrortrace_packets,phytx_packets,retransmissions,avg_datarate,ocupacion,throughput,goodThroughput,retransmissionsPerPacket,w,c,tam_red,num_stas
0.0,0.0,0.0,0.0,0.0,0.0,0.0,0.0,0.0,0.0,0.0,0.0,0.0,3.0,9.0,40.0,7.0
1.0,1.0,3.0,4.0,14.0,0.0,3.0,0.0,6.0,0.0546133333333333,0.20576,0.17968,0.0,3.0,9.0,40.0,7.0
0.0,0.0,5.0,5.0,8.0,0.0,5.0,0.0,6.0,0.0682666666666666,0.44288,0.436,0.0,3.0,9.0,40.0,7.0
0.0,0.0,5.0,5.0,7.0,0.0,5.0,0.0,8.142857142857142,0.0503017543859649,0.4416,0.436,0.0,3.0,9.0,40.0,7.0
0.0,0.0,5.0,5.0,8.0,0.0,5.0,0.0,8.25,0.0496484848484848,0.44288,0.436,0.0,3.0,9.0,40.0,7.0
0.0,0.0,5.0,5.0,7.0,0.0,5.0,0.0,10.285714285714286,0.0398222222222222,0.4416,0.436,0.0,3.0,9.0,40.0,7.0
0.0,0.0,5.0,5.0,5.0,0.0,5.0,0.0,14.4,0.0284444444444444,0.436,0.436,0.0,3.0,9.0,40.0,7.0
0.0,0.0,5.0,5.0,5.0,0.0,5.0,0.0,18.0,0.0227555555555555,0.436,0.436,0.0,3.0,9.0,40.0,7.0
0.0,0.0,5.0,5.0,10.0,0.0,5.0,0.0,13.8,0.0296811594202898,0.44848,0.436,0.0,3.0,9.0,40.0,7.0
0.0,0.0,4.0,4.0,4.0,0.0,4.0,0.0,24.0,0.0136533333333333,0.3488,0.3488,0.0,3.0,9.0,40.0,7.0
0.0,0.0,5.0,5.0,8.0,0.0,5.0,0.0,21.75,0.0188321839080459,0.44288,0.436,0.0,3.0,9.0,40.0,7.0
0.0,0.0,5.0,5.0,7.0,0.0,5.0,0.0,27.428571428571427,0.0149333333333333,0.4416,0.436,0.0,3.0,9.0,40.0,7.0
0.0,0.0,5.0,5.0,5.0,0.0,5.0,0.0,45.6,0.0089824561403508,0.436,0.436,0.0,3.0,9.0,40.0,7.0
1.0,1.0,10.0,11.0,11.0,0.0,11.0,0.0,23.5,0.0383455319148936,0.8784,0.79008,0.0,3.0,9.0,40.0,7.0
0.0,0.0,10.0,9.0,10.0,0.0,9.0,0.0,33.333333333333336,0.0221183999999999,0.7848,0.872,0.0,3.0,9.0,40.0,7.0
1.0,1.0,16.0,16.0,17.0,0.0,16.0,0.0,21.0,0.062415238095238,1.3144,1.31328,0.0,3.0,9.0,40.0,7.0
1.0,1.0,18.0,18.0,19.0,0.0,18.0,0.0,20.36842105263158,0.0723944186046511,1.4888,1.48768,0.0,3.0,9.0,40.0,7.0
0.0,0.0,19.0,20.0,19.0,0.0,20.0,0.0,20.25,0.0809086419753086,1.744,1.6568,0.0,3.0,9.0,40.0,7.0
0.0,0.0,20.0,19.0,25.0,0.0,19.0,0.0,18.0,0.0864711111111111,1.66928,1.744,0.0,3.0,9.0,40.0,7.0
0.0,0.0,20.0,20.0,20.0,0.0,20.0,0.0,23.4,0.070017094017094,1.744,1.744,0.0,3.0,9.0,40.0,7.0
1.0,1.0,23.0,23.0,24.0,0.0,23.0,0.0,23.0,0.0819199999999999,1.9248,1.92368,0.0,3.0,9.0,40.0,7.0
0.0,0.0,25.0,25.0,25.0,0.0,25.0,0.0,23.88,0.0857621440536013,2.18,2.18,0.0,3.0,9.0,40.0,7.0
0.0,0.0,24.0,24.0,24.0,0.0,24.0,0.0,27.875,0.0705320179372197,2.0928,2.0928,0.0,3.0,9.0,40.0,7.0
1.0,1.0,30.0,30.0,31.0,1.0,31.0,1.0,25.21875,0.0974513011152416,2.6224,2.53408,0.032258064516129,3.0,9.0,40.0,7.0
0.0,0.0,30.0,30.0,30.0,1.0,31.0,1.0,28.548387096774192,0.0860854237288135,2.7032,2.616,0.032258064516129,3.0,9.0,40.0,7.0
0.0,0.0,30.0,30.0,30.0,3.0,33.0,3.0,31.181818181818183,0.0788151603498542,2.8776,2.616,0.0909090909090909,3.0,9.0,40.0,7.0
0.0,0.0,29.0,29.0,29.0,5.0,34.0,5.0,31.5,0.0754184126984126,2.9648,2.5288,0.1470588235294117,3.0,9.0,40.0,7.0
0.0,0.0,30.0,30.0,30.0,1.0,31.0,1.0,32.903225806451616,0.0746917647058823,2.7032,2.616,0.032258064516129,3.0,9.0,40.0,7.0
0.0,0.0,29.0,30.0,29.0,1.0,31.0,1.0,34.064516129032256,0.0721454545454545,2.7032,2.5288,0.032258064516129,3.0,9.0,40.0,7.0
0.0,0.0,29.0,28.0,29.0,1.0,29.0,1.0,38.06896551724138,0.0602527536231883,2.5288,2.5288,0.0344827586206896,3.0,9.0,40.0,7.0
1.0,1.0,35.0,35.0,36.0,0.0,35.0,0.0,33.333333333333336,0.0860159999999999,2.9712,2.97008,0.0,3.0,9.0,40.0,7.0
0.0,0.0,33.0,33.0,33.0,4.0,37.0,4.0,36.648648648648646,0.0737642477876106,3.2264,2.8776,0.1081081081081081,3.0,9.0,40.0,7.0
0.0,0.0,34.0,34.0,34.0,3.0,37.0,3.0,36.729729729729726,0.0758317586460632,3.2264,2.9648,0.081081081081081,3.0,9.0,40.0,7.0
0.0,0.0,35.0,35.0,35.0,2.0,37.0,2.0,38.75675675675676,0.0739793584379358,3.2264,3.052,0.054054054054054,3.0,9.0,40.0,7.0
0.0,0.0,35.0,35.0,35.0,4.0,39.0,4.0,39.69230769230769,0.0722356589147286,3.4008,3.052,0.1025641025641025,3.0,9.0,40.0,7.0
0.0,0.0,34.0,34.0,34.0,3.0,37.0,3.0,40.054054054054056,0.0695380296896086,3.2264,2.9648,0.081081081081081,3.0,9.0,40.0,7.0
0.0,0.0,35.0,35.0,35.0,3.0,38.0,3.0,41.05263157894737,0.0698420512820512,3.3136,3.052,0.0789473684210526,3.0,9.0,40.0,7.0
0.0,0.0,32.0,32.0,32.0,4.0,36.0,4.0,42.0,0.062415238095238,3.1392,2.7904,0.1111111111111111,3.0,9.0,40.0,7.0
0.0,0.0,35.0,35.0,35.0,1.0,36.0,1.0,41.333333333333336,0.0693677419354838,3.1392,3.052,0.0277777777777777,3.0,9.0,40.0,7.0
0.0,0.0,34.0,34.0,34.0,3.0,37.0,3.0,43.62162162162162,0.0638509045848822,3.2264,2.9648,0.081081081081081,3.0,9.0,40.0,7.0
0.0,0.0,33.0,33.0,33.0,3.0,36.0,3.0,42.5,0.0636084705882353,3.1392,2.8776,0.0833333333333333,3.0,9.0,40.0,7.0
0.0,0.0,35.0,35.0,35.0,9.0,44.0,9.0,45.40909090909091,0.0631415415415415,3.8368,3.052,0.2045454545454545,3.0,9.0,40.0,7.0
0.0,0.0,35.0,35.0,35.0,6.0,41.0,6.0,44.78048780487805,0.0640278867102396,3.5752,3.052,0.1463414634146341,3.0,9.0,40.0,7.0
0.0,0.0,34.0,34.0,34.0,9.0,43.0,9.0,44.23255813953488,0.0629690010515247,3.7496,2.9648,0.2093023255813953,3.0,9.0,40.0,7.0
0.0,0.0,35.0,35.0,35.0,4.0,39.0,4.0,42.76923076923077,0.0670388489208633,3.4008,3.052,0.1025641025641025,3.0,9.0,40.0,7.0
0.0,0.0,34.0,34.0,34.0,2.0,36.0,2.0,44.333333333333336,0.0628258646616541,3.1392,2.9648,0.0555555555555555,3.0,9.0,40.0,7.0
0.0,0.0,33.0,33.0,33.0,7.0,40.0,7.0,44.85,0.0602755852842809,3.488,2.8776,0.175,3.0,9.0,40.0,7.0
0.0,0.0,35.0,35.0,35.0,4.0,39.0,4.0,43.38461538461539,0.0660879432624113,3.4008,3.052,0.1025641025641025,3.0,9.0,40.0,7.0
0.0,0.0,33.0,33.0,33.0,6.0,39.0,6.0,44.30769230769231,0.0610133333333333,3.4008,2.8776,0.1538461538461538,3.0,9.0,40.0,7.0
0.0,0.0,34.0,34.0,34.0,6.0,40.0,6.0,43.5,0.0640294252873563,3.488,2.9648,0.15,3.0,9.0,40.0,7.0
0.0,0.0,35.0,35.0,35.0,3.0,38.0,3.0,43.578947368421055,0.0657932367149758,3.3136,3.052,0.0789473684210526,3.0,9.0,40.0,7.0
0.0,0.0,35.0,35.0,35.0,6.0,41.0,6.0,44.04878048780488,0.065091472868217,3.5752,3.052,0.1463414634146341,3.0,9.0,40.0,7.0
0.0,0.0,34.0,34.0,34.0,5.0,39.0,5.0,43.69230769230769,0.0637476056338028,3.4008,2.9648,0.1282051282051282,3.0,9.0,40.0,7.0
0.0,0.0,35.0,35.0,35.0,6.0,41.0,6.0,42.73170731707317,0.0670977168949771,3.5752,3.052,0.1463414634146341,3.0,9.0,40.0,7.0
0.0,0.0,32.0,33.0,32.0,5.0,38.0,5.0,44.526315789473685,0.0607137588652482,3.3136,2.7904,0.131578947368421,3.0,9.0,40.0,7.0
0.0,0.0,35.0,34.0,35.0,4.0,38.0,4.0,43.26315789473684,0.0643799513381995,3.3136,3.052,0.1052631578947368,3.0,9.0,40.0,7.0
0.0,0.0,34.0,34.0,34.0,4.0,38.0,4.0,43.42105263157895,0.0641458424242424,3.3136,2.9648,0.1052631578947368,3.0,9.0,40.0,7.0
0.0,0.0,33.0,34.0,33.0,3.0,37.0,3.0,42.810810810810814,0.065060202020202,3.2264,2.8776,0.081081081081081,3.0,9.0,40.0,7.0
0.0,0.0,35.0,34.0,35.0,6.0,40.0,6.0,42.9,0.0649249417249417,3.488,3.052,0.15,3.0,9.0,40.0,7.0
0.0,0.0,35.0,35.0,35.0,4.0,39.0,4.0,43.53846153846154,0.0658544169611307,3.4008,3.052,0.1025641025641025,3.0,9.0,40.0,7.0
0.0,0.0,34.0,34.0,34.0,4.0,38.0,4.0,42.94736842105263,0.0648533333333333,3.3136,2.9648,0.1052631578947368,3.0,9.0,40.0,7.0
0.0,0.0,35.0,35.0,35.0,7.0,42.0,7.0,43.285714285714285,0.0662389438943894,3.6624,3.052,0.1666666666666666,3.0,9.0,40.0,7.0
0.0,0.0,34.0,34.0,34.0,7.0,41.0,7.0,43.170731707317074,0.0645177853107344,3.5752,2.9648,0.1707317073170731,3.0,9.0,40.0,7.0
0.0,0.0,33.0,33.0,33.0,2.0,35.0,2.0,43.54285714285714,0.0620850393700787,3.052,2.8776,0.0571428571428571,3.0,9.0,40.0,7.0
0.0,0.0,35.0,35.0,35.0,4.0,39.0,4.0,43.07692307692308,0.06656,3.4008,3.052,0.1025641025641025,3.0,9.0,40.0,7.0
0.0,0.0,33.0,33.0,33.0,2.0,35.0,2.0,43.371428571428574,0.0623304347826086,3.052,2.8776,0.0571428571428571,3.0,9.0,40.0,7.0
0.0,0.0,34.0,34.0,34.0,6.0,40.0,6.0,42.75,0.0651527485380116,3.488,2.9648,0.15,3.0,9.0,40.0,7.0
0.0,0.0,35.0,35.0,35.0,4.0,39.0,4.0,42.46153846153846,0.0675246376811594,3.4008,3.052,0.1025641025641025,3.0,9.0,40.0,7.0
0.0,0.0,35.0,35.0,35.0,8.0,43.0,8.0,45.06976744186046,0.0636169246646026,3.7496,3.052,0.1860465116279069,3.0,9.0,40.0,7.0
0.0,0.0,34.0,34.0,34.0,2.0,36.0,2.0,42.5,0.065536,3.1392,2.9648,0.0555555555555555,3.0,9.0,40.0,7.0
0.0,0.0,35.0,35.0,35.0,5.0,40.0,5.0,43.65,0.0656861397479954,3.488,3.052,0.125,3.0,9.0,40.0,7.0
0.0,0.0,32.0,33.0,32.0,2.0,35.0,2.0,43.54285714285714,0.0620850393700787,3.052,2.7904,0.0571428571428571,3.0,9.0,40.0,7.0
0.0,0.0,35.0,34.0,35.0,4.0,38.0,4.0,43.73684210526316,0.063682695547533,3.3136,3.052,0.1052631578947368,3.0,9.0,40.0,7.0
0.0,0.0,34.0,34.0,34.0,3.0,37.0,3.0,42.810810810810814,0.065060202020202,3.2264,2.9648,0.081081081081081,3.0,9.0,40.0,7.0
0.0,0.0,34.0,34.0,34.0,4.0,38.0,4.0,43.10526315789474,0.0646157753357753,3.3136,2.9648,0.1052631578947368,3.0,9.0,40.0,7.0
0.0,0.0,34.0,34.0,34.0,4.0,38.0,4.0,43.10526315789474,0.0646157753357753,3.3136,2.9648,0.1052631578947368,3.0,9.0,40.0,7.0
0.0,0.0,35.0,35.0,35.0,4.0,39.0,4.0,43.53846153846154,0.0658544169611307,3.4008,3.052,0.1025641025641025,3.0,9.0,40.0,7.0
0.0,0.0,34.0,34.0,34.0,6.0,40.0,6.0,43.8,0.0635908675799086,3.488,2.9648,0.15,3.0,9.0,40.0,7.0
0.0,0.0,35.0,35.0,35.0,4.0,39.0,4.0,43.69230769230769,0.0656225352112676,3.4008,3.052,0.1025641025641025,3.0,9.0,40.0,7.0
0.0,0.0,34.0,34.0,34.0,4.0,38.0,4.0,43.73684210526316,0.063682695547533,3.3136,2.9648,0.1052631578947368,3.0,9.0,40.0,7.0
0.0,0.0,33.0,33.0,33.0,4.0,37.0,4.0,43.78378378378378,0.0617434074074074,3.2264,2.8776,0.1081081081081081,3.0,9.0,40.0,7.0
0.0,0.0,35.0,35.0,35.0,4.0,39.0,4.0,43.53846153846154,0.0658544169611307,3.4008,3.052,0.1025641025641025,3.0,9.0,40.0,7.0
0.0,0.0,33.0,33.0,33.0,5.0,38.0,5.0,43.26315789473684,0.0624864233576642,3.3136,2.8776,0.131578947368421,3.0,9.0,40.0,7.0
0.0,0.0,34.0,34.0,34.0,3.0,37.0,3.0,42.972972972972975,0.0648146918238993,3.2264,2.9648,0.081081081081081,3.0,9.0,40.0,7.0
0.0,0.0,35.0,35.0,35.0,3.0,38.0,3.0,43.26315789473684,0.0662734793187348,3.3136,3.052,0.0789473684210526,3.0,9.0,40.0,7.0
0.0,0.0,35.0,35.0,35.0,2.0,37.0,2.0,43.13513513513514,0.0664701754385964,3.2264,3.052,0.054054054054054,3.0,9.0,40.0,7.0
0.0,0.0,34.0,34.0,34.0,4.0,38.0,4.0,43.26315789473684,0.0643799513381995,3.3136,2.9648,0.1052631578947368,3.0,9.0,40.0,7.0
0.0,0.0,35.0,35.0,35.0,4.0,39.0,4.0,42.76923076923077,0.0670388489208633,3.4008,3.052,0.1025641025641025,3.0,9.0,40.0,7.0
0.0,0.0,33.0,33.0,33.0,3.0,36.0,3.0,43.66666666666666,0.0619090076335877,3.1392,2.8776,0.0833333333333333,3.0,9.0,40.0,7.0
0.0,0.0,34.0,34.0,34.0,8.0,42.0,8.0,44.42857142857143,0.0626911897106109,3.6624,2.9648,0.1904761904761904,3.0,9.0,40.0,7.0
0.0,0.0,34.0,34.0,34.0,7.0,41.0,7.0,43.609756097560975,0.0638682774049217,3.5752,2.9648,0.1707317073170731,3.0,9.0,40.0,7.0
0.0,0.0,34.0,34.0,34.0,3.0,37.0,3.0,43.13513513513514,0.0645710275689223,3.2264,2.9648,0.081081081081081,3.0,9.0,40.0,7.0
0.0,0.0,34.0,34.0,34.0,3.0,37.0,3.0,42.972972972972975,0.0648146918238993,3.2264,2.9648,0.081081081081081,3.0,9.0,40.0,7.0
0.0,0.0,35.0,35.0,35.0,6.0,41.0,6.0,43.609756097560975,0.0657467561521252,3.5752,3.052,0.1463414634146341,3.0,9.0,40.0,7.0
0.0,0.0,34.0,34.0,34.0,3.0,37.0,3.0,42.972972972972975,0.0648146918238993,3.2264,2.9648,0.081081081081081,3.0,9.0,40.0,7.0
0.0,0.0,35.0,35.0,35.0,6.0,41.0,6.0,43.02439024390244,0.0666412698412698,3.5752,3.052,0.1463414634146341,3.0,9.0,40.0,7.0
0.0,0.0,34.0,35.0,34.0,3.0,37.0,3.0,43.45945945945946,0.0659741293532338,3.2264,2.9648,0.081081081081081,3.0,9.0,40.0,7.0
0.0,0.0,33.0,32.0,33.0,2.0,35.0,2.0,43.54285714285714,0.0602036745406824,3.052,2.8776,0.0571428571428571,3.0,9.0,40.0,7.0
0.0,0.0,35.0,35.0,35.0,6.0,41.0,6.0,43.31707317073171,0.0661909909909909,3.5752,3.052,0.1463414634146341,3.0,9.0,40.0,7.0
0.0,0.0,33.0,34.0,33.0,3.0,37.0,3.0,43.45945945945946,0.0640891542288557,3.2264,2.8776,0.081081081081081,3.0,9.0,40.0,7.0
0.0,0.0,34.0,33.0,34.0,5.0,38.0,5.0,42.78947368421053,0.0631781549815498,3.3136,2.9648,0.131578947368421,3.0,9.0,40.0,7.0
0.0,0.0,35.0,35.0,35.0,4.0,39.0,4.0,43.23076923076923,0.0663231316725978,3.4008,3.052,0.1025641025641025,3.0,9.0,40.0,7.0
0.0,0.0,35.0,35.0,35.0,5.0,40.0,5.0,43.5,0.0659126436781609,3.488,3.052,0.125,3.0,9.0,40.0,7.0
0.0,0.0,34.0,34.0,34.0,5.0,39.0,5.0,42.92307692307692,0.0648900358422939,3.4008,2.9648,0.1282051282051282,3.0,9.0,40.0,7.0
0.0,0.0,35.0,35.0,35.0,4.0,39.0,4.0,43.38461538461539,0.0660879432624113,3.4008,3.052,0.1025641025641025,3.0,9.0,40.0,7.0
0.0,0.0,33.0,33.0,33.0,6.0,39.0,6.0,43.84615384615385,0.0616555789473684,3.4008,2.8776,0.1538461538461538,3.0,9.0,40.0,7.0
0.0,0.0,34.0,34.0,34.0,2.0,36.0,2.0,43.0,0.064773953488372,3.1392,2.9648,0.0555555555555555,3.0,9.0,40.0,7.0
0.0,0.0,34.0,35.0,34.0,5.0,40.0,5.0,43.65,0.0656861397479954,3.488,2.9648,0.125,3.0,9.0,40.0,7.0
0.0,0.0,34.0,33.0,34.0,3.0,36.0,3.0,43.333333333333336,0.0623852307692307,3.1392,2.9648,0.0833333333333333,3.0,9.0,40.0,7.0
0.0,0.0,34.0,34.0,34.0,6.0,40.0,6.0,41.85,0.0665538829151732,3.488,2.9648,0.15,3.0,9.0,40.0,7.0
0.0,0.0,35.0,35.0,35.0,1.0,36.0,1.0,41.66666666666666,0.0688128,3.1392,3.052,0.0277777777777777,3.0,9.0,40.0,7.0
0.0,0.0,34.0,34.0,34.0,6.0,40.0,6.0,43.35,0.0642509803921568,3.488,2.9648,0.15,3.0,9.0,40.0,7.0
0.0,0.0,35.0,35.0,35.0,3.0,38.0,3.0,42.94736842105263,0.0667607843137254,3.3136,3.052,0.0789473684210526,3.0,9.0,40.0,7.0
0.0,0.0,34.0,35.0,34.0,4.0,39.0,4.0,43.84615384615385,0.0653922807017543,3.4008,2.9648,0.1025641025641025,3.0,9.0,40.0,7.0
0.0,0.0,33.0,32.0,33.0,2.0,34.0,2.0,43.41176470588236,0.0603854742547425,2.9648,2.8776,0.0588235294117647,3.0,9.0,40.0,7.0
0.0,0.0,35.0,35.0,35.0,6.0,41.0,6.0,43.75609756097561,0.0655268673355629,3.5752,3.052,0.1463414634146341,3.0,9.0,40.0,7.0
0.0,0.0,34.0,34.0,34.0,4.0,38.0,4.0,43.578947368421055,0.0639134299516908,3.3136,2.9648,0.1052631578947368,3.0,9.0,40.0,7.0
0.0,0.0,33.0,33.0,33.0,8.0,41.0,8.0,44.04878048780488,0.0613719601328903,3.5752,2.8776,0.1951219512195122,3.0,9.0,40.0,7.0
0.0,0.0,35.0,35.0,35.0,4.0,39.0,4.0,43.38461538461539,0.0660879432624113,3.4008,3.052,0.1025641025641025,3.0,9.0,40.0,7.0
0.0,0.0,35.0,35.0,35.0,6.0,41.0,6.0,43.02439024390244,0.0666412698412698,3.5752,3.052,0.1463414634146341,3.0,9.0,40.0,7.0
0.0,0.0,34.0,34.0,34.0,2.0,36.0,2.0,41.16666666666666,0.0676586234817813,3.1392,2.9648,0.0555555555555555,3.0,9.0,40.0,7.0
0.0,0.0,35.0,35.0,35.0,2.0,37.0,2.0,42.48648648648648,0.0674849872773536,3.2264,3.052,0.054054054054054,3.0,9.0,40.0,7.0
0.0,0.0,33.0,33.0,33.0,3.0,36.0,3.0,43.66666666666666,0.0619090076335877,3.1392,2.8776,0.0833333333333333,3.0,9.0,40.0,7.0
0.0,0.0,34.0,34.0,34.0,3.0,37.0,3.0,43.13513513513514,0.0645710275689223,3.2264,2.9648,0.081081081081081,3.0,9.0,40.0,7.0
0.0,0.0,34.0,35.0,34.0,4.0,39.0,4.0,44.0,0.0651636363636363,3.4008,2.9648,0.1025641025641025,3.0,9.0,40.0,7.0
0.0,0.0,34.0,33.0,34.0,4.0,37.0,4.0,43.13513513513514,0.0626718796992481,3.2264,2.9648,0.1081081081081081,3.0,9.0,40.0,7.0
0.0,0.0,34.0,34.0,34.0,4.0,38.0,4.0,43.26315789473684,0.0643799513381995,3.3136,2.9648,0.1052631578947368,3.0,9.0,40.0,7.0
0.0,0.0,35.0,35.0,35.0,3.0,38.0,3.0,43.26315789473684,0.0662734793187348,3.3136,3.052,0.0789473684210526,3.0,9.0,40.0,7.0
0.0,0.0,34.0,34.0,34.0,3.0,37.0,3.0,42.972972972972975,0.0648146918238993,3.2264,2.9648,0.081081081081081,3.0,9.0,40.0,7.0
0.0,0.0,35.0,35.0,35.0,3.0,38.0,3.0,43.42105263157895,0.0660324848484848,3.3136,3.052,0.0789473684210526,3.0,9.0,40.0,7.0
0.0,0.0,35.0,35.0,35.0,4.0,39.0,4.0,43.53846153846154,0.0658544169611307,3.4008,3.052,0.1025641025641025,3.0,9.0,40.0,7.0
0.0,0.0,32.0,32.0,32.0,1.0,33.0,1.0,43.63636363636363,0.0600746666666666,2.8776,2.7904,0.0303030303030303,3.0,9.0,40.0,7.0
0.0,0.0,35.0,35.0,35.0,3.0,38.0,3.0,43.578947368421055,0.0657932367149758,3.3136,3.052,0.0789473684210526,3.0,9.0,40.0,7.0
0.0,0.0,34.0,34.0,34.0,8.0,42.0,8.0,44.42857142857143,0.0626911897106109,3.6624,2.9648,0.1904761904761904,3.0,9.0,40.0,7.0
0.0,0.0,33.0,33.0,33.0,2.0,35.0,2.0,42.68571428571428,0.0633317269076305,3.052,2.8776,0.0571428571428571,3.0,9.0,40.0,7.0
0.0,0.0,35.0,35.0,35.0,4.0,39.0,4.0,43.38461538461539,0.0660879432624113,3.4008,3.052,0.1025641025641025,3.0,9.0,40.0,7.0
0.0,0.0,35.0,35.0,35.0,5.0,40.0,5.0,43.95,0.0652377701934015,3.488,3.052,0.125,3.0,9.0,40.0,7.0
0.0,0.0,34.0,34.0,34.0,4.0,38.0,4.0,43.10526315789474,0.0646157753357753,3.3136,2.9648,0.1052631578947368,3.0,9.0,40.0,7.0
0.0,0.0,35.0,35.0,35.0,3.0,38.0,3.0,42.78947368421053,0.0670071340713407,3.3136,3.052,0.0789473684210526,3.0,9.0,40.0,7.0
0.0,0.0,33.0,33.0,33.0,3.0,36.0,3.0,43.66666666666666,0.0619090076335877,3.1392,2.8776,0.0833333333333333,3.0,9.0,40.0,7.0
0.0,0.0,34.0,34.0,34.0,3.0,37.0,3.0,43.62162162162162,0.0638509045848822,3.2264,2.9648,0.081081081081081,3.0,9.0,40.0,7.0
0.0,0.0,35.0,35.0,35.0,2.0,37.0,2.0,43.13513513513514,0.0664701754385964,3.2264,3.052,0.054054054054054,3.0,9.0,40.0,7.0
0.0,0.0,33.0,33.0,33.0,4.0,37.0,4.0,43.62162162162162,0.0619729368029739,3.2264,2.8776,0.1081081081081081,3.0,9.0,40.0,7.0
0.0,0.0,34.0,34.0,34.0,1.0,35.0,1.0,42.68571428571428,0.0652508701472556,3.052,2.9648,0.0285714285714285,3.0,9.0,40.0,7.0
0.0,0.0,35.0,35.0,35.0,4.0,39.0,4.0,43.53846153846154,0.0658544169611307,3.4008,3.052,0.1025641025641025,3.0,9.0,40.0,7.0
0.0,0.0,34.0,35.0,34.0,2.0,37.0,2.0,43.2972972972973,0.0662212234706616,3.2264,2.9648,0.054054054054054,3.0,9.0,40.0,7.0
0.0,0.0,35.0,34.0,35.0,3.0,37.0,3.0,42.972972972972975,0.0648146918238993,3.2264,3.052,0.081081081081081,3.0,9.0,40.0,7.0
0.0,0.0,35.0,35.0,35.0,2.0,37.0,2.0,43.45945945945946,0.0659741293532338,3.2264,3.052,0.054054054054054,3.0,9.0,40.0,7.0
0.0,0.0,32.0,32.0,32.0,7.0,39.0,7.0,45.53846153846154,0.0575654054054053,3.4008,2.7904,0.1794871794871795,3.0,9.0,40.0,7.0
0.0,0.0,35.0,35.0,35.0,2.0,37.0,2.0,43.13513513513514,0.0664701754385964,3.2264,3.052,0.054054054054054,3.0,9.0,40.0,7.0
0.0,0.0,34.0,34.0,34.0,4.0,38.0,4.0,43.73684210526316,0.063682695547533,3.3136,2.9648,0.1052631578947368,3.0,9.0,40.0,7.0
0.0,0.0,33.0,33.0,33.0,4.0,37.0,4.0,43.45945945945946,0.0622041791044776,3.2264,2.8776,0.1081081081081081,3.0,9.0,40.0,7.0
0.0,0.0,35.0,35.0,35.0,5.0,40.0,5.0,43.5,0.0659126436781609,3.488,3.052,0.125,3.0,9.0,40.0,7.0
0.0,0.0,35.0,35.0,35.0,2.0,37.0,2.0,43.13513513513514,0.0664701754385964,3.2264,3.052,0.054054054054054,3.0,9.0,40.0,7.0
0.0,0.0,34.0,34.0,34.0,7.0,41.0,7.0,43.46341463414634,0.0640833221099887,3.5752,2.9648,0.1707317073170731,3.0,9.0,40.0,7.0
0.0,0.0,35.0,35.0,35.0,1.0,36.0,1.0,43.0,0.0666790697674418,3.1392,3.052,0.0277777777777777,3.0,9.0,40.0,7.0
0.0,0.0,33.0,34.0,33.0,4.0,38.0,4.0,43.73684210526316,0.063682695547533,3.3136,2.8776,0.1052631578947368,3.0,9.0,40.0,7.0
0.0,0.0,34.0,33.0,34.0,1.0,34.0,1.0,43.41176470588236,0.0622725203252032,2.9648,2.9648,0.0294117647058823,3.0,9.0,40.0,7.0
0.0,0.0,35.0,35.0,35.0,5.0,40.0,5.0,43.2,0.0663703703703703,3.488,3.052,0.125,3.0,9.0,40.0,7.0
0.0,0.0,33.0,33.0,33.0,6.0,39.0,6.0,44.30769230769231,0.0610133333333333,3.4008,2.8776,0.1538461538461538,3.0,9.0,40.0,7.0
0.0,0.0,34.0,34.0,34.0,3.0,37.0,3.0,42.972972972972975,0.0648146918238993,3.2264,2.9648,0.081081081081081,3.0,9.0,40.0,7.0
0.0,0.0,35.0,35.0,35.0,3.0,38.0,3.0,43.10526315789474,0.0665162393162393,3.3136,3.052,0.0789473684210526,3.0,9.0,40.0,7.0
0.0,0.0,35.0,35.0,35.0,6.0,41.0,6.0,43.31707317073171,0.0661909909909909,3.5752,3.052,0.1463414634146341,3.0,9.0,40.0,7.0
0.0,0.0,34.0,34.0,34.0,2.0,36.0,2.0,42.833333333333336,0.0650259922178988,3.1392,2.9648,0.0555555555555555,3.0,9.0,40.0,7.0
0.0,0.0,35.0,35.0,35.0,4.0,39.0,4.0,43.53846153846154,0.0658544169611307,3.4008,3.052,0.1025641025641025,3.0,9.0,40.0,7.0
0.0,0.0,32.0,32.0,32.0,2.0,34.0,2.0,43.94117647058823,0.059657938420348,2.9648,2.7904,0.0588235294117647,3.0,9.0,40.0,7.0
0.0,0.0,35.0,35.0,35.0,9.0,44.0,9.0,45.54545454545455,0.06295249500998,3.8368,3.052,0.2045454545454545,3.0,9.0,40.0,7.0
0.0,0.0,34.0,34.0,34.0,5.0,39.0,5.0,44.76923076923077,0.0622141580756013,3.4008,2.9648,0.1282051282051282,3.0,9.0,40.0,7.0
0.0,0.0,33.0,33.0,33.0,5.0,38.0,5.0,44.21052631578947,0.0611474285714285,3.3136,2.8776,0.131578947368421,3.0,9.0,40.0,7.0
0.0,0.0,35.0,35.0,35.0,8.0,43.0,8.0,44.93023255813954,0.0638144927536231,3.7496,3.052,0.1860465116279069,3.0,9.0,40.0,7.0
0.0,0.0,35.0,35.0,35.0,4.0,39.0,4.0,43.84615384615385,0.0653922807017543,3.4008,3.052,0.1025641025641025,3.0,9.0,40.0,7.0
0.0,0.0,34.0,34.0,34.0,4.0,38.0,4.0,43.26315789473684,0.0643799513381995,3.3136,2.9648,0.1052631578947368,3.0,9.0,40.0,7.0
0.0,0.0,35.0,35.0,35.0,1.0,36.0,1.0,43.0,0.0666790697674418,3.1392,3.052,0.0277777777777777,3.0,9.0,40.0,7.0
0.0,0.0,34.0,34.0,34.0,5.0,39.0,5.0,43.53846153846154,0.0639728621908127,3.4008,2.9648,0.1282051282051282,3.0,9.0,40.0,7.0
0.0,0.0,33.0,33.0,33.0,1.0,34.0,1.0,43.41176470588236,0.0622725203252032,2.9648,2.8776,0.0294117647058823,3.0,9.0,40.0,7.0
0.0,0.0,35.0,35.0,35.0,3.0,38.0,3.0,43.73684210526316,0.0655557160048134,3.3136,3.052,0.0789473684210526,3.0,9.0,40.0,7.0
0.0,0.0,33.0,33.0,33.0,2.0,35.0,2.0,43.54285714285714,0.0620850393700787,3.052,2.8776,0.0571428571428571,3.0,9.0,40.0,7.0
0.0,0.0,34.0,34.0,34.0,4.0,38.0,4.0,43.89473684210526,0.0634536211031175,3.3136,2.9648,0.1052631578947368,3.0,9.0,40.0,7.0
0.0,0.0,35.0,35.0,35.0,5.0,40.0,5.0,43.95,0.0652377701934015,3.488,3.052,0.125,3.0,9.0,40.0,7.0
0.0,0.0,35.0,35.0,35.0,3.0,38.0,3.0,43.26315789473684,0.0662734793187348,3.3136,3.052,0.0789473684210526,3.0,9.0,40.0,7.0
0.0,0.0,34.0,34.0,34.0,2.0,36.0,2.0,43.0,0.064773953488372,3.1392,2.9648,0.0555555555555555,3.0,9.0,40.0,7.0
0.0,0.0,35.0,35.0,35.0,3.0,38.0,3.0,44.21052631578947,0.0648533333333333,3.3136,3.052,0.0789473684210526,3.0,9.0,40.0,7.0
0.0,0.0,32.0,33.0,32.0,3.0,36.0,3.0,44.66666666666666,0.0605229850746268,3.1392,2.7904,0.0833333333333333,3.0,9.0,40.0,7.0
0.0,0.0,35.0,34.0,35.0,2.0,36.0,2.0,44.16666666666666,0.0630629433962264,3.1392,3.052,0.0555555555555555,3.0,9.0,40.0,7.0
0.0,0.0,34.0,34.0,34.0,4.0,38.0,4.0,44.21052631578947,0.0630003809523809,3.3136,2.9648,0.1052631578947368,3.0,9.0,40.0,7.0
0.0,0.0,33.0,34.0,33.0,1.0,35.0,1.0,43.54285714285714,0.063966404199475,3.052,2.8776,0.0285714285714285,3.0,9.0,40.0,7.0
0.0,0.0,35.0,34.0,35.0,5.0,39.0,5.0,43.38461538461539,0.0641997163120567,3.4008,3.052,0.1282051282051282,3.0,9.0,40.0,7.0
0.0,0.0,35.0,35.0,35.0,0.0,35.0,0.0,43.71428571428572,0.0655895424836601,3.052,3.052,0.0,3.0,9.0,40.0,7.0
0.0,0.0,34.0,34.0,34.0,4.0,38.0,4.0,43.89473684210526,0.0634536211031175,3.3136,2.9648,0.1052631578947368,3.0,9.0,40.0,7.0
0.0,0.0,35.0,35.0,35.0,4.0,39.0,4.0,44.0,0.0651636363636363,3.4008,3.052,0.1025641025641025,3.0,9.0,40.0,7.0
0.0,0.0,34.0,34.0,34.0,4.0,38.0,4.0,44.68421052631579,0.0623325323910482,3.3136,2.9648,0.1052631578947368,3.0,9.0,40.0,7.0
0.0,0.0,33.0,33.0,33.0,4.0,37.0,4.0,44.91891891891892,0.0601831046931407,3.2264,2.8776,0.1081081081081081,3.0,9.0,40.0,7.0
0.0,0.0,34.0,35.0,34.0,3.0,38.0,3.0,43.73684210526316,0.0655557160048134,3.3136,2.9648,0.0789473684210526,3.0,9.0,40.0,7.0
0.0,0.0,34.0,33.0,34.0,3.0,36.0,3.0,44.16666666666666,0.0612081509433962,3.1392,2.9648,0.0833333333333333,3.0,9.0,40.0,7.0
0.0,0.0,34.0,34.0,34.0,5.0,39.0,5.0,44.46153846153846,0.0626447058823529,3.4008,2.9648,0.1282051282051282,3.0,9.0,40.0,7.0
0.0,0.0,35.0,35.0,35.0,3.0,38.0,3.0,44.21052631578947,0.0648533333333333,3.3136,3.052,0.0789473684210526,3.0,9.0,40.0,7.0
0.0,0.0,35.0,35.0,35.0,2.0,37.0,2.0,43.94594594594594,0.0652437884378843,3.2264,3.052,0.054054054054054,3.0,9.0,40.0,7.0
0.0,0.0,34.0,34.0,34.0,2.0,36.0,2.0,43.66666666666666,0.0637850381679389,3.1392,2.9648,0.0555555555555555,3.0,9.0,40.0,7.0
0.0,0.0,35.0,35.0,35.0,5.0,40.0,5.0,44.25,0.0647954802259886,3.488,3.052,0.125,3.0,9.0,40.0,7.0
0.0,0.0,32.0,33.0,32.0,4.0,37.0,4.0,44.91891891891892,0.0601831046931407,3.2264,2.7904,0.1081081081081081,3.0,9.0,40.0,7.0
0.0,0.0,35.0,34.0,35.0,4.0,38.0,4.0,44.68421052631579,0.0623325323910482,3.3136,3.052,0.1052631578947368,3.0,9.0,40.0,7.0
0.0,0.0,34.0,34.0,34.0,6.0,40.0,6.0,44.7,0.062310514541387,3.488,2.9648,0.15,3.0,9.0,40.0,7.0
0.0,0.0,34.0,34.0,34.0,5.0,39.0,5.0,43.84615384615385,0.0635239298245614,3.4008,2.9648,0.1282051282051282,3.0,9.0,40.0,7.0
0.0,0.0,34.0,34.0,34.0,2.0,36.0,2.0,43.333333333333336,0.0642756923076923,3.1392,2.9648,0.0555555555555555,3.0,9.0,40.0,7.0
0.0,0.0,35.0,35.0,35.0,4.0,39.0,4.0,44.15384615384615,0.0649365853658536,3.4008,3.052,0.1025641025641025,3.0,9.0,40.0,7.0
0.0,0.0,34.0,34.0,34.0,2.0,36.0,2.0,43.333333333333336,0.0642756923076923,3.1392,2.9648,0.0555555555555555,3.0,9.0,40.0,7.0
0.0,0.0,35.0,35.0,35.0,6.0,41.0,6.0,44.04878048780488,0.065091472868217,3.5752,3.052,0.1463414634146341,3.0,9.0,40.0,7.0
0.0,0.0,34.0,34.0,34.0,2.0,36.0,2.0,44.16666666666666,0.0630629433962264,3.1392,2.9648,0.0555555555555555,3.0,9.0,40.0,7.0
0.0,0.0,33.0,33.0,33.0,5.0,38.0,5.0,44.68421052631579,0.0604992226148409,3.3136,2.8776,0.131578947368421,3.0,9.0,40.0,7.0
0.0,0.0,35.0,35.0,35.0,1.0,36.0,1.0,43.833333333333336,0.0654114068441064,3.1392,3.052,0.0277777777777777,3.0,9.0,40.0,7.0
0.0,0.0,33.0,33.0,33.0,3.0,36.0,3.0,44.0,0.06144,3.1392,2.8776,0.0833333333333333,3.0,9.0,40.0,7.0
0.0,0.0,34.0,34.0,34.0,3.0,37.0,3.0,43.13513513513514,0.0645710275689223,3.2264,2.9648,0.081081081081081,3.0,9.0,40.0,7.0
0.0,0.0,35.0,35.0,35.0,5.0,40.0,5.0,44.25,0.0647954802259886,3.488,3.052,0.125,3.0,9.0,40.0,7.0
0.0,0.0,35.0,35.0,35.0,3.0,38.0,3.0,44.05263157894737,0.0650857825567502,3.3136,3.052,0.0789473684210526,3.0,9.0,40.0,7.0
0.0,0.0,34.0,34.0,34.0,3.0,37.0,3.0,44.108108108108105,0.0631466666666666,3.2264,2.9648,0.081081081081081,3.0,9.0,40.0,7.0
0.0,0.0,35.0,35.0,35.0,4.0,39.0,4.0,43.84615384615385,0.0653922807017543,3.4008,3.052,0.1025641025641025,3.0,9.0,40.0,7.0
0.0,0.0,33.0,33.0,33.0,2.0,35.0,2.0,44.57142857142857,0.0606523076923076,3.052,2.8776,0.0571428571428571,3.0,9.0,40.0,7.0
0.0,0.0,34.0,34.0,34.0,4.0,38.0,4.0,44.21052631578947,0.0630003809523809,3.3136,2.9648,0.1052631578947368,3.0,9.0,40.0,7.0
0.0,0.0,33.0,34.0,33.0,9.0,42.0,8.0,45.142857142857146,0.0616992405063291,3.6624,2.8776,0.1904761904761904,3.0,9.0,40.0,7.0
0.0,0.0,35.0,34.0,35.0,2.0,37.0,3.0,42.810810810810814,0.065060202020202,3.2264,3.052,0.081081081081081,3.0,9.0,40.0,7.0
0.0,0.0,34.0,34.0,34.0,4.0,38.0,4.0,42.63157894736842,0.0653337283950617,3.3136,2.9648,0.1052631578947368,3.0,9.0,40.0,7.0
0.0,0.0,35.0,35.0,35.0,5.0,40.0,5.0,44.25,0.0647954802259886,3.488,3.052,0.125,3.0,9.0,40.0,7.0
0.0,0.0,34.0,34.0,34.0,3.0,37.0,3.0,44.108108108108105,0.0631466666666666,3.2264,2.9648,0.081081081081081,3.0,9.0,40.0,7.0
0.0,0.0,35.0,35.0,35.0,4.0,39.0,4.0,44.30769230769231,0.0647111111111111,3.4008,3.052,0.1025641025641025,3.0,9.0,40.0,7.0
0.0,0.0,34.0,35.0,34.0,1.0,35.0,1.0,44.05714285714286,0.0650791180285343,3.052,2.9648,0.0285714285714285,3.0,9.0,40.0,7.0
0.0,0.0,33.0,32.0,33.0,4.0,37.0,4.0,44.75675675675676,0.0585708212560386,3.2264,2.8776,0.1081081081081081,3.0,9.0,40.0,7.0
0.0,0.0,35.0,35.0,35.0,4.0,39.0,4.0,43.53846153846154,0.0658544169611307,3.4008,3.052,0.1025641025641025,3.0,9.0,40.0,7.0
0.0,0.0,33.0,34.0,33.0,2.0,36.0,2.0,43.5,0.0640294252873563,3.1392,2.8776,0.0555555555555555,3.0,9.0,40.0,7.0
0.0,0.0,34.0,33.0,34.0,9.0,42.0,9.0,43.85714285714285,0.0616401302931596,3.6624,2.9648,0.2142857142857142,3.0,9.0,40.0,7.0
0.0,0.0,35.0,35.0,35.0,1.0,36.0,1.0,42.66666666666666,0.0672,3.1392,3.052,0.0277777777777777,3.0,9.0,40.0,7.0
0.0,0.0,35.0,35.0,35.0,4.0,39.0,4.0,44.15384615384615,0.0649365853658536,3.4008,3.052,0.1025641025641025,3.0,9.0,40.0,7.0
0.0,0.0,34.0,34.0,34.0,3.0,37.0,3.0,44.108108108108105,0.0631466666666666,3.2264,2.9648,0.081081081081081,3.0,9.0,40.0,7.0
0.0,0.0,35.0,35.0,35.0,8.0,43.0,8.0,44.093023255813954,0.0650261603375527,3.7496,3.052,0.1860465116279069,3.0,9.0,40.0,7.0
0.0,0.0,33.0,33.0,33.0,9.0,42.0,9.0,45.57142857142857,0.0593213793103448,3.6624,2.8776,0.2142857142857142,3.0,9.0,40.0,7.0
0.0,0.0,34.0,34.0,34.0,4.0,38.0,4.0,44.68421052631579,0.0623325323910482,3.3136,2.9648,0.1052631578947368,3.0,9.0,40.0,7.0
0.0,0.0,34.0,34.0,34.0,5.0,39.0,5.0,44.92307692307692,0.0620010958904109,3.4008,2.9648,0.1282051282051282,3.0,9.0,40.0,7.0
0.0,0.0,34.0,34.0,34.0,4.0,38.0,4.0,44.21052631578947,0.0630003809523809,3.3136,2.9648,0.1052631578947368,3.0,9.0,40.0,7.0
0.0,0.0,34.0,34.0,34.0,4.0,38.0,4.0,44.05263157894737,0.0632261887694145,3.3136,2.9648,0.1052631578947368,3.0,9.0,40.0,7.0
0.0,0.0,35.0,35.0,35.0,5.0,40.0,5.0,44.85,0.0639286510590858,3.488,3.052,0.125,3.0,9.0,40.0,7.0
0.0,0.0,34.0,34.0,34.0,6.0,40.0,6.0,44.4,0.0627315315315315,3.488,2.9648,0.15,3.0,9.0,40.0,7.0
0.0,0.0,35.0,35.0,35.0,2.0,37.0,2.0,43.78378378378378,0.0654854320987654,3.2264,3.052,0.054054054054054,3.0,9.0,40.0,7.0
0.0,0.0,34.0,35.0,34.0,6.0,41.0,6.0,44.63414634146341,0.0642378142076502,3.5752,2.9648,0.1463414634146341,3.0,9.0,40.0,7.0
0.0,0.0,33.0,32.0,33.0,1.0,33.0,1.0,44.54545454545455,0.0588486530612244,2.8776,2.8776,0.0303030303030303,3.0,9.0,40.0,7.0
0.0,0.0,35.0,35.0,35.0,7.0,42.0,7.0,43.85714285714285,0.0653758957654723,3.6624,3.052,0.1666666666666666,3.0,9.0,40.0,7.0
0.0,0.0,33.0,34.0,33.0,3.0,37.0,3.0,44.43243243243244,0.0626857420924574,3.2264,2.8776,0.081081081081081,3.0,9.0,40.0,7.0
0.0,0.0,34.0,33.0,34.0,2.0,35.0,2.0,43.371428571428574,0.0623304347826086,3.052,2.9648,0.0571428571428571,3.0,9.0,40.0,7.0
0.0,0.0,35.0,35.0,35.0,3.0,38.0,3.0,43.73684210526316,0.0655557160048134,3.3136,3.052,0.0789473684210526,3.0,9.0,40.0,7.0
0.0,0.0,35.0,35.0,35.0,3.0,38.0,3.0,43.42105263157895,0.0660324848484848,3.3136,3.052,0.0789473684210526,3.0,9.0,40.0,7.0
0.0,0.0,34.0,34.0,34.0,2.0,36.0,2.0,43.66666666666666,0.0637850381679389,3.1392,2.9648,0.0555555555555555,3.0,9.0,40.0,7.0
0.0,0.0,35.0,35.0,35.0,2.0,37.0,2.0,43.94594594594594,0.0652437884378843,3.2264,3.052,0.054054054054054,3.0,9.0,40.0,7.0
0.0,0.0,33.0,33.0,33.0,2.0,35.0,2.0,44.4,0.0608864864864864,3.052,2.8776,0.0571428571428571,3.0,9.0,40.0,7.0
0.0,0.0,34.0,34.0,34.0,2.0,36.0,2.0,44.16666666666666,0.0630629433962264,3.1392,2.9648,0.0555555555555555,3.0,9.0,40.0,7.0
0.0,0.0,34.0,35.0,34.0,4.0,39.0,4.0,44.61538461538461,0.0642648275862068,3.4008,2.9648,0.1025641025641025,3.0,9.0,40.0,7.0
0.0,0.0,34.0,33.0,34.0,3.0,36.0,3.0,43.66666666666666,0.0619090076335877,3.1392,2.9648,0.0833333333333333,3.0,9.0,40.0,7.0
0.0,0.0,34.0,34.0,34.0,3.0,37.0,3.0,43.94594594594594,0.0633796801968019,3.2264,2.9648,0.081081081081081,3.0,9.0,40.0,7.0
0.0,0.0,35.0,35.0,35.0,2.0,37.0,2.0,43.94594594594594,0.0652437884378843,3.2264,3.052,0.054054054054054,3.0,9.0,40.0,7.0
0.0,0.0,34.0,34.0,34.0,2.0,36.0,2.0,43.333333333333336,0.0642756923076923,3.1392,2.9648,0.0555555555555555,3.0,9.0,40.0,7.0
0.0,0.0,35.0,35.0,35.0,4.0,39.0,4.0,44.30769230769231,0.0647111111111111,3.4008,3.052,0.1025641025641025,3.0,9.0,40.0,7.0
0.0,0.0,35.0,35.0,35.0,7.0,42.0,7.0,44.85714285714285,0.0639184713375796,3.6624,3.052,0.1666666666666666,3.0,9.0,40.0,7.0
0.0,0.0,32.0,32.0,32.0,3.0,35.0,3.0,44.74285714285714,0.0585890166028097,3.052,2.7904,0.0857142857142857,3.0,9.0,40.0,7.0
0.0,0.0,35.0,35.0,35.0,2.0,37.0,2.0,43.62162162162162,0.0657288723667905,3.2264,3.052,0.054054054054054,3.0,9.0,40.0,7.0
0.0,0.0,34.0,34.0,34.0,3.0,37.0,3.0,44.43243243243244,0.0626857420924574,3.2264,2.9648,0.081081081081081,3.0,9.0,40.0,7.0
0.0,0.0,33.0,33.0,33.0,4.0,37.0,4.0,43.94594594594594,0.0615155719557195,3.2264,2.8776,0.1081081081081081,3.0,9.0,40.0,7.0
0.0,0.0,35.0,35.0,35.0,5.0,40.0,5.0,44.25,0.0647954802259886,3.488,3.052,0.125,3.0,9.0,40.0,7.0
0.0,0.0,35.0,35.0,35.0,4.0,39.0,4.0,44.15384615384615,0.0649365853658536,3.4008,3.052,0.1025641025641025,3.0,9.0,40.0,7.0
0.0,0.0,34.0,34.0,34.0,4.0,38.0,4.0,44.05263157894737,0.0632261887694145,3.3136,2.9648,0.1052631578947368,3.0,9.0,40.0,7.0
0.0,0.0,35.0,35.0,35.0,5.0,40.0,5.0,44.55,0.0643591470258136,3.488,3.052,0.125,3.0,9.0,40.0,7.0
0.0,0.0,33.0,33.0,33.0,2.0,35.0,2.0,44.57142857142857,0.0606523076923076,3.052,2.8776,0.0571428571428571,3.0,9.0,40.0,7.0
0.0,0.0,34.0,34.0,34.0,3.0,37.0,3.0,44.270270270270274,0.0629153601953601,3.2264,2.9648,0.081081081081081,3.0,9.0,40.0,7.0
0.0,0.0,34.0,35.0,34.0,4.0,38.0,3.0,44.68421052631579,0.0641658421672556,3.3136,2.9648,0.0789473684210526,3.0,9.0,40.0,7.0
0.0,0.0,34.0,33.0,34.0,2.0,36.0,3.0,43.66666666666666,0.0619090076335877,3.1392,2.9648,0.0833333333333333,3.0,9.0,40.0,7.0
0.0,0.0,34.0,34.0,34.0,2.0,36.0,2.0,43.66666666666666,0.0637850381679389,3.1392,2.9648,0.0555555555555555,3.0,9.0,40.0,7.0
0.0,0.0,35.0,35.0,35.0,4.0,39.0,4.0,43.84615384615385,0.0653922807017543,3.4008,3.052,0.1025641025641025,3.0,9.0,40.0,7.0
0.0,0.0,34.0,35.0,34.0,1.0,36.0,1.0,44.0,0.0651636363636363,3.1392,2.9648,0.0277777777777777,3.0,9.0,40.0,7.0
0.0,0.0,35.0,34.0,35.0,5.0,39.0,5.0,43.69230769230769,0.0637476056338028,3.4008,3.052,0.1282051282051282,3.0,9.0,40.0,7.0
0.0,0.0,34.0,35.0,34.0,4.0,38.0,3.0,44.68421052631579,0.0641658421672556,3.3136,2.9648,0.0789473684210526,3.0,9.0,40.0,7.0
0.0,0.0,33.0,32.0,33.0,4.0,37.0,5.0,44.5945945945946,0.058783806060606,3.2264,2.8776,0.1351351351351351,3.0,9.0,40.0,7.0
0.0,0.0,35.0,35.0,35.0,6.0,41.0,6.0,44.34146341463415,0.0646618261826182,3.5752,3.052,0.1463414634146341,3.0,9.0,40.0,7.0
0.0,0.0,34.0,34.0,34.0,1.0,35.0,1.0,44.05714285714286,0.0632197146562905,3.052,2.9648,0.0285714285714285,3.0,9.0,40.0,7.0
0.0,0.0,33.0,33.0,33.0,4.0,37.0,4.0,43.2972972972973,0.0624371535580524,3.2264,2.8776,0.1081081081081081,3.0,9.0,40.0,7.0
0.0,0.0,35.0,35.0,35.0,5.0,40.0,5.0,43.65,0.0656861397479954,3.488,3.052,0.125,3.0,9.0,40.0,7.0
0.0,0.0,35.0,35.0,35.0,3.0,38.0,3.0,43.42105263157895,0.0660324848484848,3.3136,3.052,0.0789473684210526,3.0,9.0,40.0,7.0
0.0,0.0,34.0,34.0,34.0,3.0,37.0,3.0,43.13513513513514,0.0645710275689223,3.2264,2.9648,0.081081081081081,3.0,9.0,40.0,7.0
0.0,0.0,35.0,35.0,35.0,3.0,38.0,3.0,44.21052631578947,0.0648533333333333,3.3136,3.052,0.0789473684210526,3.0,9.0,40.0,7.0
0.0,0.0,33.0,34.0,33.0,4.0,38.0,4.0,44.68421052631579,0.0623325323910482,3.3136,2.8776,0.1052631578947368,3.0,9.0,40.0,7.0
0.0,0.0,34.0,33.0,34.0,3.0,36.0,3.0,44.16666666666666,0.0612081509433962,3.1392,2.9648,0.0833333333333333,3.0,9.0,40.0,7.0
0.0,0.0,35.0,35.0,35.0,2.0,37.0,2.0,43.78378378378378,0.0654854320987654,3.2264,3.052,0.054054054054054,3.0,9.0,40.0,7.0
0.0,0.0,33.0,33.0,33.0,7.0,40.0,7.0,44.4,0.0608864864864864,3.488,2.8776,0.175,3.0,9.0,40.0,7.0
0.0,0.0,34.0,34.0,34.0,2.0,36.0,2.0,42.833333333333336,0.0650259922178988,3.1392,2.9648,0.0555555555555555,3.0,9.0,40.0,7.0
0.0,0.0,35.0,35.0,35.0,6.0,41.0,6.0,43.90243902439025,0.0653084444444444,3.5752,3.052,0.1463414634146341,3.0,9.0,40.0,7.0
0.0,0.0,35.0,35.0,35.0,3.0,38.0,3.0,42.94736842105263,0.0667607843137254,3.3136,3.052,0.0789473684210526,3.0,9.0,40.0,7.0
0.0,0.0,34.0,34.0,34.0,5.0,39.0,5.0,42.76923076923077,0.06512345323741,3.4008,2.9648,0.1282051282051282,3.0,9.0,40.0,7.0
0.0,0.0,35.0,35.0,35.0,5.0,40.0,5.0,42.6,0.0673051643192488,3.488,3.052,0.125,3.0,9.0,40.0,7.0
0.0,0.0,32.0,32.0,32.0,3.0,35.0,3.0,44.05714285714286,0.0595009079118028,3.052,2.7904,0.0857142857142857,3.0,9.0,40.0,7.0
0.0,0.0,35.0,35.0,35.0,3.0,38.0,3.0,43.10526315789474,0.0665162393162393,3.3136,3.052,0.0789473684210526,3.0,9.0,40.0,7.0
0.0,0.0,34.0,34.0,34.0,3.0,37.0,3.0,43.45945945945946,0.0640891542288557,3.2264,2.9648,0.081081081081081,3.0,9.0,40.0,7.0
0.0,0.0,33.0,33.0,33.0,3.0,36.0,3.0,42.5,0.0636084705882353,3.1392,2.8776,0.0833333333333333,3.0,9.0,40.0,7.0
0.0,0.0,35.0,35.0,35.0,3.0,38.0,3.0,43.42105263157895,0.0660324848484848,3.3136,3.052,0.0789473684210526,3.0,9.0,40.0,7.0
0.0,0.0,35.0,35.0,35.0,4.0,39.0,4.0,43.07692307692308,0.06656,3.4008,3.052,0.1025641025641025,3.0,9.0,40.0,7.0
0.0,0.0,34.0,34.0,34.0,4.0,38.0,4.0,42.78947368421053,0.0650926445264452,3.3136,2.9648,0.1052631578947368,3.0,9.0,40.0,7.0
0.0,0.0,35.0,35.0,35.0,4.0,39.0,4.0,44.30769230769231,0.0647111111111111,3.4008,3.052,0.1025641025641025,3.0,9.0,40.0,7.0
