devrx_packets,devtxAP_packets,devrxAP_packets,devtx_packets,phyrx0k_packets,phyrxerrortrace_packets,phytx_packets,retransmissions,avg_datarate,ocupacion,throughput,goodThroughput,retransmissionsPerPacket,w,c,tam_red,num_stas,goodput_retransmissions
0.0,0.0,0.0,0.0,0.0,0.0,0.0,0.0,0.0,0.0,0.0,0.0,0.0,2.0,10.0,70.0,17.0,0.0
1.0,1.0,3.0,4.0,9.0,0.0,3.0,0.0,6.0,0.05461333333333333,0.19328,0.17968,0.0,2.0,10.0,70.0,17.0,0.17968
0.0,0.0,5.0,5.0,8.0,0.0,5.0,0.0,7.125,0.057487719298245615,0.44288,0.436,0.0,6.0,6.0,70.0,17.0,0.436
0.0,0.0,5.0,5.0,7.0,0.0,5.0,0.0,8.142857142857142,0.05030175438596492,0.4416,0.436,0.0,2.0,10.0,70.0,17.0,0.436
0.0,0.0,5.0,5.0,5.0,0.0,5.0,0.0,10.8,0.037925925925925925,0.436,0.436,0.0,2.0,10.0,70.0,17.0,0.436
0.0,0.0,5.0,5.0,10.0,0.0,5.0,0.0,9.0,0.045511111111111106,0.44848,0.436,0.0,2.0,10.0,70.0,17.0,0.436
0.0,0.0,5.0,5.0,8.0,0.0,5.0,0.0,12.0,0.03413333333333333,0.44288,0.436,0.0,2.0,10.0,70.0,17.0,0.436
0.0,0.0,5.0,5.0,7.0,0.0,5.0,0.0,14.571428571428571,0.028109803921568626,0.4416,0.436,0.0,2.0,10.0,70.0,17.0,0.436
0.0,0.0,5.0,5.0,5.0,0.0,5.0,0.0,21.6,0.018962962962962963,0.436,0.436,0.0,2.0,10.0,70.0,17.0,0.436
0.0,0.0,4.0,4.0,4.0,0.0,4.0,0.0,24.0,0.013653333333333333,0.3488,0.3488,0.0,2.0,10.0,70.0,17.0,0.3488
0.0,0.0,5.0,5.0,5.0,0.0,5.0,0.0,28.8,0.01422222222222222,0.436,0.436,0.0,2.0,10.0,70.0,17.0,0.436
0.0,0.0,5.0,5.0,15.0,0.0,5.0,0.0,16.0,0.025599999999999998,0.46096,0.436,0.0,2.0,10.0,70.0,17.0,0.436
0.0,0.0,5.0,5.0,5.0,0.0,5.0,0.0,40.8,0.010039215686274508,0.436,0.436,0.0,2.0,10.0,70.0,17.0,0.436
0.0,0.0,5.0,5.0,5.0,0.0,5.0,0.0,48.0,0.008533333333333332,0.436,0.436,0.0,2.0,10.0,70.0,17.0,0.436
0.0,0.0,5.0,5.0,5.0,0.0,5.0,0.0,51.6,0.007937984496124031,0.436,0.436,0.0,3.0,9.0,70.0,17.0,0.436
0.0,0.0,5.0,5.0,14.0,0.0,5.0,0.0,23.142857142857142,0.017698765432098765,0.45664,0.436,0.0,3.0,9.0,70.0,17.0,0.436
0.0,0.0,5.0,5.0,11.0,0.0,5.0,0.0,27.818181818181817,0.014724183006535949,0.4528,0.436,0.0,2.0,10.0,70.0,17.0,0.436
0.0,0.0,4.0,5.0,4.0,0.0,5.0,0.0,54.0,0.007585185185185184,0.436,0.3488,0.0,2.0,10.0,70.0,17.0,0.3488
1.0,1.0,11.0,10.0,12.0,0.0,10.0,0.0,23.454545454545453,0.034927131782945736,0.7912,0.87728,0.0,3.0,9.0,70.0,17.0,0.87728
0.0,0.0,10.0,10.0,15.0,0.0,10.0,0.0,22.4,0.03657142857142857,0.88448,0.872,0.0,2.0,10.0,70.0,17.0,0.872
1.0,1.0,15.0,16.0,16.0,0.0,16.0,0.0,21.0,0.06241523809523809,1.3144,1.22608,0.0,2.0,10.0,70.0,17.0,1.22608
0.0,0.0,15.0,14.0,15.0,0.0,14.0,0.0,24.857142857142858,0.046138850574712634,1.2208,1.308,0.0,2.0,10.0,70.0,17.0,1.308
1.0,1.0,21.0,21.0,22.0,0.0,21.0,0.0,18.954545454545453,0.09076028776978416,1.7504,1.74928,0.0,2.0,10.0,70.0,17.0,1.74928
0.0,0.0,20.0,20.0,20.0,0.0,20.0,0.0,20.25,0.08090864197530864,1.744,1.744,0.0,6.0,6.0,70.0,17.0,1.744
0.0,0.0,20.0,20.0,22.0,0.0,20.0,0.0,19.90909090909091,0.08229406392694062,1.74976,1.744,0.0,3.0,9.0,70.0,17.0,1.744
0.0,0.0,20.0,20.0,23.0,0.0,20.0,0.0,21.0,0.07801904761904761,1.75072,1.744,0.0,3.0,9.0,70.0,17.0,1.744
2.0,2.0,27.0,29.0,32.0,0.0,28.0,0.0,15.636363636363637,0.15193302325581395,2.28688,2.19056,0.0,3.0,9.0,70.0,17.0,2.19056
0.0,0.0,30.0,28.0,32.0,0.0,33.0,4.0,19.2,0.11946666666666665,2.8832,2.616,0.12121212121212122,5.0,7.0,70.0,17.0,0.5232
0.0,0.0,29.0,30.0,29.0,0.0,30.0,0.0,22.7,0.10826431718061673,2.616,2.5288,0.0,2.0,10.0,70.0,17.0,2.5288
0.0,0.0,28.0,27.0,28.0,0.0,27.0,0.0,25.77777777777778,0.08580413793103447,2.3544,2.4416,0.0,3.0,9.0,70.0,17.0,2.4416
2.0,2.0,34.0,35.0,36.0,0.0,35.0,0.0,23.43243243243243,0.12236032295271049,2.8904,2.80096,0.0,3.0,9.0,70.0,17.0,2.80096
1.0,1.0,39.0,46.0,41.0,21.0,115.0,71.0,13.6,0.27708235294117645,9.8768,3.40608,0.6173913043478261,2.0,10.0,70.0,17.0,0.04730666666666667
0.0,0.0,33.0,45.0,35.0,14.0,121.0,77.0,9.672,0.38114143920595533,10.56272,3.052,0.6363636363636364,3.0,9.0,70.0,17.0,0.039128205128205126
0.0,0.0,27.0,45.0,28.0,7.0,122.0,88.0,8.214285714285714,0.44877913043478257,10.64992,2.4416,0.7213114754098361,3.0,9.0,70.0,17.0,0.027433707865168543
1.0,1.0,37.0,49.0,46.0,3.0,120.0,77.0,7.9523809523809526,0.5047645508982035,10.39584,3.58048,0.6416666666666667,6.0,6.0,70.0,17.0,0.04590358974358975
0.0,0.0,35.0,46.0,37.0,8.0,118.0,76.0,8.60655737704918,0.4378428952380953,10.30096,3.052,0.6440677966101694,2.0,10.0,70.0,17.0,0.039636363636363636
0.0,0.0,27.0,50.0,31.0,4.0,121.0,87.0,8.296875,0.4936798493408663,10.576,2.3544,0.71900826446281,2.0,10.0,70.0,17.0,0.026754545454545454
0.0,0.0,39.0,48.0,42.0,4.0,119.0,73.0,8.344537815126051,0.47122561933534735,10.3768,3.6624,0.6134453781512605,3.0,9.0,70.0,17.0,0.04949189189189189
0.0,0.0,41.0,47.0,42.0,5.0,110.0,66.0,8.781818181818181,0.4384331262939959,9.592,3.6624,0.6,5.0,7.0,70.0,17.0,0.05466268656716418
0.0,0.0,38.0,50.0,40.0,8.0,109.0,67.0,8.559633027522937,0.47852518756698814,9.5048,3.488,0.6146788990825688,2.0,10.0,70.0,17.0,0.05129411764705882
1.0,1.0,31.0,56.0,34.0,8.0,135.0,95.0,8.647058823529411,0.5305295238095238,11.6912,2.88288,0.7037037037037037,4.0,8.0,70.0,17.0,0.03003
1.0,1.0,35.0,57.0,40.0,7.0,117.0,77.0,8.4,0.5558857142857142,10.1272,3.14448,0.6581196581196581,2.0,10.0,70.0,17.0,0.04031384615384616
0.0,0.0,36.0,59.0,36.0,7.0,126.0,75.0,9.023809523809524,0.535614142480211,10.9872,3.1392,0.5952380952380952,5.0,7.0,70.0,17.0,0.04130526315789474
0.0,0.0,25.0,58.0,28.0,10.0,133.0,93.0,8.282608695652174,0.5736550131233595,11.61024,2.18,0.6992481203007519,5.0,7.0,70.0,17.0,0.02319148936170213
0.0,0.0,37.0,57.0,42.0,4.0,125.0,79.0,8.470588235294118,0.5512533333333333,10.93616,3.2264,0.632,2.0,10.0,70.0,17.0,0.04033
0.0,0.0,30.0,60.0,33.0,7.0,129.0,90.0,8.580882352941176,0.5728082262210796,11.28016,2.8776,0.6976744186046512,5.0,7.0,70.0,17.0,0.031621978021978026
1.0,1.0,34.0,61.0,37.0,6.0,163.0,112.0,8.482142857142858,0.589134147368421,14.14432,3.05728,0.6871165644171779,6.0,6.0,70.0,17.0,0.02705557522123894
0.0,0.0,26.0,65.0,27.0,3.0,165.0,116.0,8.307692307692308,0.640948148148148,14.39952,2.3544,0.703030303030303,2.0,10.0,70.0,17.0,0.020123076923076924
0.0,0.0,25.0,65.0,27.0,2.0,168.0,120.0,8.267441860465116,0.6440686357243319,14.66112,2.3544,0.7142857142857143,4.0,8.0,70.0,17.0,0.01945785123966942
0.0,0.0,39.0,63.0,47.0,4.0,130.0,77.0,9.333333333333334,0.5529599999999999,11.34864,3.8368,0.5923076923076923,3.0,9.0,70.0,17.0,0.049189743589743595
0.0,0.0,29.0,65.0,33.0,3.0,176.0,129.0,8.335135135135134,0.6388378728923477,14.97456,2.616,0.7329545454545454,6.0,6.0,70.0,17.0,0.020123076923076924
0.0,0.0,17.0,65.0,19.0,1.0,193.0,145.0,8.020725388601036,0.6638801033591731,16.66576,1.6568,0.7512953367875648,2.0,10.0,70.0,17.0,0.011347945205479453
0.0,0.0,30.0,60.0,30.0,6.0,156.0,104.0,8.26923076923077,0.5943962790697673,13.6032,2.616,0.6666666666666666,2.0,10.0,70.0,17.0,0.024914285714285715
0.0,0.0,43.0,65.0,43.0,2.0,143.0,79.0,8.958041958041958,0.594415612802498,12.4696,3.7496,0.5524475524475524,4.0,8.0,70.0,17.0,0.04687
0.0,0.0,26.0,63.0,26.0,5.0,167.0,118.0,8.497005988023952,0.6073857082452431,14.5624,2.2672,0.7065868263473054,2.0,10.0,70.0,17.0,0.019052100840336133
0.0,0.0,24.0,62.0,26.0,4.0,189.0,134.0,8.276923076923078,0.6136386617100371,16.49792,2.0928,0.708994708994709,6.0,6.0,70.0,17.0,0.015502222222222223
0.0,0.0,32.0,65.0,35.0,2.0,148.0,91.0,8.549019607843137,0.6228550458715596,12.91824,2.7904,0.6148648648648649,2.0,10.0,70.0,17.0,0.030330434782608696
0.0,0.0,25.0,65.0,26.0,3.0,167.0,115.0,8.931034482758621,0.5962131274131274,14.59376,2.2672,0.688622754491018,3.0,9.0,70.0,17.0,0.019544827586206896
0.0,0.0,39.0,64.0,39.0,8.0,147.0,89.0,10.53061224489796,0.49787038759689917,12.24496,3.4008,0.6054421768707483,6.0,6.0,70.0,17.0,0.03778666666666666
0.0,0.0,26.0,65.0,27.0,6.0,177.0,114.0,9.59322033898305,0.5550586572438163,15.4344,2.3544,0.6440677966101694,4.0,8.0,70.0,17.0,0.02047304347826087
1.0,1.0,44.0,68.0,47.0,8.0,140.0,76.0,9.127659574468085,0.6102944522144521,12.04528,3.92928,0.5428571428571428,6.0,6.0,70.0,17.0,0.05102961038961039
1.0,1.0,34.0,71.0,36.0,7.0,163.0,103.0,9.21951219512195,0.6308706878306878,13.80512,2.97008,0.6319018404907976,4.0,8.0,70.0,17.0,0.028558461538461536
0.0,0.0,28.0,74.0,28.0,4.0,167.0,118.0,7.913793103448276,0.7660144662309368,14.59376,2.4416,0.7065868263473054,2.0,10.0,70.0,17.0,0.020517647058823533
0.0,0.0,40.0,69.0,41.0,9.0,148.0,81.0,9.263513513513514,0.6101874835886213,12.9056,3.5752,0.5472972972972973,4.0,8.0,70.0,17.0,0.0436
0.0,0.0,24.0,75.0,27.0,3.0,174.0,119.0,8.189655172413794,0.7502147368421053,15.1728,2.3544,0.6839080459770115,3.0,9.0,70.0,17.0,0.019620000000000002
0.0,0.0,26.0,75.0,26.0,1.0,181.0,122.0,7.823204419889502,0.7853559322033898,15.7832,2.2672,0.6740331491712708,4.0,8.0,70.0,17.0,0.01843252032520325
0.0,0.0,18.0,74.0,19.0,3.0,191.0,135.0,8.010471204188482,0.7567694640522876,16.6552,1.6568,0.7068062827225131,6.0,6.0,70.0,17.0,0.01218235294117647
0.0,0.0,37.0,74.0,41.0,2.0,155.0,101.0,8.654545454545454,0.7004504201680672,13.55424,3.3136,0.6516129032258065,2.0,10.0,70.0,17.0,0.032486274509803924
0.0,0.0,23.0,76.0,25.0,1.0,199.0,144.0,8.359223300970873,0.7447964692218352,16.81072,2.18,0.7236180904522613,5.0,7.0,70.0,17.0,0.01503448275862069
0.0,0.0,22.0,71.0,22.0,4.0,194.0,134.0,8.22680412371134,0.7069962907268171,16.9168,1.9184,0.6907216494845361,2.0,10.0,70.0,17.0,0.014210370370370371
0.0,0.0,24.0,74.0,25.0,4.0,178.0,119.0,7.955056179775281,0.7620411299435027,15.5216,2.18,0.6685393258426966,5.0,7.0,70.0,17.0,0.018166666666666668
0.0,0.0,30.0,72.0,33.0,4.0,173.0,110.0,8.254335260115607,0.7145626890756303,15.0856,2.8776,0.6358381502890174,4.0,8.0,70.0,17.0,0.025924324324324326
0.0,0.0,22.0,71.0,22.0,3.0,184.0,121.0,8.347826086956522,0.6967466666666667,16.0448,1.9184,0.657608695652174,3.0,9.0,70.0,17.0,0.01572459016393443
0.0,0.0,26.0,75.0,27.0,2.0,175.0,121.0,8.39010989010989,0.7322907662082513,15.29136,2.3544,0.6914285714285714,6.0,6.0,70.0,17.0,0.019298360655737704
0.0,0.0,18.0,75.0,20.0,4.0,215.0,145.0,8.17674418604651,0.7513993174061434,18.748,1.744,0.6744186046511628,6.0,6.0,70.0,17.0,0.011945205479452055
0.0,0.0,29.0,73.0,30.0,5.0,165.0,96.0,8.909090909090908,0.6712424489795918,14.388,2.616,0.5818181818181818,6.0,6.0,70.0,17.0,0.026969072164948454
0.0,0.0,23.0,74.0,24.0,7.0,174.0,112.0,8.310344827586206,0.729461908713693,15.1728,2.0928,0.6436781609195402,3.0,9.0,70.0,17.0,0.018520353982300886
0.0,0.0,14.0,66.0,23.0,1.0,153.0,103.0,8.159340659340659,0.6626417777777778,13.41984,1.2208,0.673202614379085,3.0,9.0,70.0,17.0,0.01173846153846154
3.0,3.0,69.0,27.0,89.0,0.0,77.0,11.0,9.964285714285714,0.22197677419354842,6.63872,5.77104,0.14285714285714285,6.0,6.0,70.0,17.0,0.48092
2.0,2.0,54.0,35.0,59.0,1.0,64.0,14.0,12.518181818181818,0.22904284676833697,5.55248,4.54496,0.21875,6.0,6.0,70.0,17.0,0.3029973333333333
0.0,0.0,34.0,34.0,40.0,2.0,40.0,7.0,15.692307692307692,0.1774933333333333,3.59712,2.9648,0.175,6.0,6.0,70.0,17.0,0.3706
1.0,1.0,47.0,40.0,51.0,7.0,62.0,16.0,16.294736842105262,0.2010956072351421,5.25408,4.01648,0.25806451612903225,3.0,9.0,70.0,17.0,0.23626352941176468
0.0,0.0,40.0,40.0,40.0,1.0,44.0,4.0,16.208333333333332,0.20216760925449873,3.91744,3.488,0.09090909090909091,2.0,10.0,70.0,17.0,0.6976
0.0,0.0,39.0,39.0,39.0,1.0,45.0,6.0,15.73972602739726,0.2029819321148825,4.00464,3.4008,0.13333333333333333,5.0,7.0,70.0,17.0,0.4858285714285714
1.0,1.0,45.0,45.0,57.0,3.0,71.0,27.0,15.89423076923077,0.23193321234119782,6.12064,4.27808,0.38028169014084506,6.0,6.0,70.0,17.0,0.15278857142857144
1.0,1.0,43.0,48.0,48.0,5.0,70.0,22.0,14.693877551020408,0.2676053333333333,6.09952,3.75488,0.3142857142857143,2.0,10.0,70.0,17.0,0.16325565217391305
0.0,0.0,34.0,48.0,46.0,9.0,131.0,93.0,10.337579617834395,0.38037530499075783,11.49776,2.9648,0.7099236641221374,2.0,10.0,70.0,17.0,0.03154042553191489
0.0,0.0,23.0,54.0,23.0,15.0,144.0,110.0,9.449101796407186,0.46815878326996196,12.63424,2.0056,0.7638888888888888,4.0,8.0,70.0,17.0,0.018068468468468466
0.0,0.0,29.0,48.0,29.0,11.0,139.0,96.0,8.92258064516129,0.4406976138828633,12.16688,2.5288,0.6906474820143885,6.0,6.0,70.0,17.0,0.026070103092783504
0.0,0.0,35.0,49.0,44.0,8.0,132.0,101.0,8.889570552147239,0.4515493719806763,11.44336,3.052,0.7651515151515151,3.0,9.0,70.0,17.0,0.02992156862745098
1.0,1.0,30.0,54.0,40.0,12.0,146.0,104.0,8.90625,0.4966938947368421,12.60416,2.70848,0.7123287671232876,4.0,8.0,70.0,17.0,0.02579504761904762
0.0,0.0,33.0,56.0,41.0,9.0,133.0,99.0,8.941176470588236,0.5130778947368421,11.50416,3.052,0.7443609022556391,5.0,7.0,70.0,17.0,0.030520000000000002
1.0,2.0,30.0,59.0,36.0,6.0,160.0,122.0,8.344827586206897,0.5791947107438016,13.25808,2.45216,0.7625,3.0,9.0,70.0,17.0,0.019936260162601627
1.0,0.0,28.0,60.0,31.0,5.0,150.0,108.0,8.745098039215685,0.5620520179372198,12.6776,2.4416,0.72,5.0,7.0,70.0,17.0,0.022400000000000003
0.0,0.0,37.0,60.0,41.0,2.0,145.0,97.0,9.02027027027027,0.5449060674157304,12.15968,3.3136,0.6689655172413793,2.0,10.0,70.0,17.0,0.033812244897959184
0.0,0.0,37.0,56.0,37.0,3.0,139.0,90.0,8.870503597122303,0.5171656772100567,11.87504,3.2264,0.6474820143884892,3.0,9.0,70.0,17.0,0.03545494505494506
1.0,1.0,25.0,63.0,29.0,8.0,156.0,121.0,8.541176470588235,0.6042446280991735,13.5712,2.09808,0.7756410256410257,6.0,6.0,70.0,17.0,0.017197377049180326
0.0,0.0,33.0,61.0,37.0,5.0,146.0,97.0,8.846153846153847,0.5648918260869565,12.76944,2.9648,0.6643835616438356,4.0,8.0,70.0,17.0,0.030253061224489796
0.0,0.0,32.0,58.0,35.0,5.0,133.0,89.0,8.93661971830986,0.5316730654058313,11.62496,2.7904,0.6691729323308271,5.0,7.0,70.0,17.0,0.031004444444444446
0.0,0.0,40.0,55.0,40.0,11.0,125.0,73.0,11.348837209302326,0.39700983606557366,10.91152,3.488,0.584,3.0,9.0,70.0,17.0,0.047135135135135134
0.0,0.0,31.0,54.0,31.0,4.0,133.0,88.0,9.678832116788321,0.4570468778280543,11.60912,2.7032,0.6616541353383458,5.0,7.0,70.0,17.0,0.030373033707865166
0.0,0.0,41.0,54.0,44.0,10.0,131.0,77.0,12.284671532846716,0.3600975401069519,11.44352,3.5752,0.5877862595419847,5.0,7.0,70.0,17.0,0.04583589743589744
0.0,1.0,40.0,62.0,44.0,15.0,121.0,76.0,12.418604651162791,0.40898636704119845,10.33168,3.40608,0.628099173553719,4.0,8.0,70.0,17.0,0.044234805194805195
0.0,0.0,34.0,59.0,35.0,7.0,144.0,103.0,9.33774834437086,0.5176065815602836,11.85088,3.052,0.7152777777777778,2.0,10.0,70.0,17.0,0.029346153846153848
0.0,0.0,56.0,58.0,56.0,3.0,135.0,65.0,11.088888888888889,0.4284793587174349,11.19856,4.8832,0.48148148148148145,6.0,6.0,70.0,17.0,0.0739878787878788
0.0,0.0,31.0,59.0,31.0,6.0,153.0,107.0,10.490196078431373,0.4607425794392523,13.09584,2.7032,0.6993464052287581,4.0,8.0,70.0,17.0,0.025029629629629627
0.0,0.0,42.0,58.0,45.0,4.0,135.0,79.0,10.5,0.4525104761904762,11.53344,3.6624,0.5851851851851851,2.0,10.0,70.0,17.0,0.04578
0.0,0.0,38.0,60.0,39.0,2.0,134.0,81.0,9.26865671641791,0.530303381642512,11.19328,3.4008,0.6044776119402985,2.0,10.0,70.0,17.0,0.041473170731707316
0.0,0.0,28.0,62.0,34.0,4.0,138.0,95.0,8.878378378378379,0.5720684322678843,12.0656,2.4416,0.6884057971014492,3.0,9.0,70.0,17.0,0.025433333333333336
1.0,1.0,47.0,61.0,52.0,5.0,124.0,65.0,9.421875,0.5303742620232172,10.24768,4.10368,0.5241935483870968,3.0,9.0,70.0,17.0,0.062176969696969696
1.0,1.0,27.0,59.0,27.0,13.0,144.0,98.0,11.333333333333334,0.42646588235294114,12.47488,2.27248,0.6805555555555556,4.0,8.0,70.0,17.0,0.02295434343434343
0.0,0.0,31.0,58.0,33.0,4.0,136.0,90.0,8.647058823529411,0.549477006802721,11.8592,2.8776,0.6617647058823529,4.0,8.0,70.0,17.0,0.031621978021978026
0.0,0.0,32.0,57.0,32.0,6.0,138.0,90.0,8.956521739130435,0.5213452427184465,11.78784,2.7904,0.6521739130434783,3.0,9.0,70.0,17.0,0.030663736263736262
1.0,1.0,43.0,66.0,44.0,4.0,139.0,80.0,9.92142857142857,0.5449537796976242,11.30272,3.66768,0.5755395683453237,6.0,6.0,70.0,17.0,0.04528
1.0,1.0,52.0,66.0,52.0,1.0,126.0,58.0,10.818897637795276,0.49974777292576417,10.9064,4.45248,0.4603174603174603,6.0,6.0,70.0,17.0,0.07546576271186442
0.0,0.0,33.0,69.0,33.0,11.0,151.0,100.0,10.609271523178808,0.5327868164794007,13.1672,2.8776,0.6622516556291391,4.0,8.0,70.0,17.0,0.02849108910891089
0.0,0.0,24.0,71.0,26.0,0.0,158.0,113.0,8.563291139240507,0.6792154915003695,13.28608,2.2672,0.7151898734177216,2.0,10.0,70.0,17.0,0.019887719298245614
0.0,0.0,32.0,69.0,32.0,3.0,147.0,93.0,9.26530612244898,0.6100694273127754,12.73648,2.7904,0.6326530612244898,6.0,6.0,70.0,17.0,0.029685106382978724
0.0,0.0,45.0,69.0,45.0,0.0,130.0,68.0,9.346153846153847,0.604792098765432,11.336,3.924,0.5230769230769231,3.0,9.0,70.0,17.0,0.0568695652173913
1.0,1.0,39.0,76.0,40.0,10.0,138.0,83.0,10.70503597122302,0.5815879569892474,11.9528,3.31888,0.6014492753623188,4.0,8.0,70.0,17.0,0.03951047619047619
0.0,0.0,30.0,72.0,30.0,6.0,159.0,106.0,9.245283018867925,0.6379728979591837,13.8648,2.616,0.6666666666666666,2.0,10.0,70.0,17.0,0.02444859813084112
0.0,0.0,26.0,72.0,26.0,11.0,150.0,100.0,11.2,0.5266285714285714,13.08,2.2672,0.6666666666666666,5.0,7.0,70.0,17.0,0.022447524752475245
0.0,0.0,34.0,73.0,34.0,6.0,129.0,72.0,9.116279069767442,0.6559869387755103,11.2488,2.9648,0.5581395348837209,2.0,10.0,70.0,17.0,0.04061369863013699
0.0,0.0,34.0,72.0,34.0,4.0,140.0,80.0,9.492857142857142,0.6213345372460497,11.63456,2.9648,0.5714285714285714,3.0,9.0,70.0,17.0,0.036602469135802465
0.0,0.0,21.0,75.0,21.0,10.0,177.0,116.0,9.220338983050848,0.6663529411764705,15.4344,1.8312,0.655367231638418,2.0,10.0,70.0,17.0,0.01565128205128205
0.0,0.0,49.0,75.0,49.0,5.0,121.0,54.0,10.636363636363637,0.5776410256410256,10.5512,4.2728,0.4462809917355372,3.0,9.0,70.0,17.0,0.07768727272727273
0.0,0.0,18.0,75.0,18.0,7.0,151.0,99.0,9.596026490066226,0.6402650103519667,12.67568,1.5696,0.6556291390728477,3.0,9.0,70.0,17.0,0.015696
0.0,0.0,39.0,74.0,39.0,6.0,131.0,65.0,9.206106870229007,0.6584846434494196,11.34128,3.4008,0.4961832061068702,3.0,9.0,70.0,17.0,0.05152727272727273
0.0,0.0,29.0,73.0,29.0,6.0,153.0,97.0,9.764705882352942,0.6124260240963854,13.3416,2.5288,0.6339869281045751,5.0,7.0,70.0,17.0,0.02580408163265306
0.0,0.0,25.0,70.0,26.0,1.0,153.0,103.0,8.549019607843137,0.6707669724770643,13.3416,2.2672,0.673202614379085,2.0,10.0,70.0,17.0,0.0218
0.0,0.0,35.0,74.0,35.0,3.0,135.0,73.0,9.133333333333333,0.6637313868613139,11.772,3.052,0.5407407407407407,6.0,6.0,70.0,17.0,0.041243243243243244
0.0,0.0,26.0,72.0,26.0,3.0,154.0,91.0,8.941558441558442,0.6596433986928104,13.4288,2.2672,0.5909090909090909,5.0,7.0,70.0,17.0,0.024643478260869565
0.0,0.0,25.0,73.0,25.0,4.0,149.0,89.0,9.261744966442953,0.6456839420289856,12.9928,2.18,0.5973154362416108,2.0,10.0,70.0,17.0,0.024222222222222225
0.0,0.0,26.0,75.0,26.0,4.0,148.0,93.0,9.364864864864865,0.656069264069264,12.9056,2.2672,0.6283783783783784,3.0,9.0,70.0,17.0,0.02411914893617021
0.0,0.0,40.0,75.0,40.0,6.0,131.0,70.0,10.67175572519084,0.575725321888412,11.4232,3.488,0.5343511450381679,5.0,7.0,70.0,17.0,0.04912676056338028
0.0,0.0,27.0,73.0,27.0,6.0,139.0,82.0,9.237410071942445,0.6473849221183801,12.1208,2.3544,0.5899280575539568,5.0,7.0,70.0,17.0,0.028366265060240963
0.0,0.0,29.0,75.0,31.0,3.0,152.0,92.0,8.881578947368421,0.691768888888889,12.68096,2.7032,0.6052631578947368,6.0,6.0,70.0,17.0,0.029066666666666664
0.0,0.0,46.0,73.0,46.0,1.0,107.0,49.0,9.588785046728972,0.623661910331384,9.3304,4.0112,0.45794392523364486,2.0,10.0,70.0,17.0,0.08022399999999999
0.0,0.0,35.0,71.0,37.0,4.0,138.0,74.0,9.782608695652174,0.5945571555555555,12.0336,3.2264,0.5362318840579711,3.0,9.0,70.0,17.0,0.04301866666666666
0.0,0.0,29.0,73.0,29.0,7.0,146.0,86.0,10.212328767123287,0.5855824010731052,12.7312,2.5288,0.589041095890411,5.0,7.0,70.0,17.0,0.029066666666666664
0.0,0.0,41.0,71.0,41.0,4.0,132.0,68.0,9.363636363636363,0.6211603883495145,11.5104,3.5752,0.5151515151515151,2.0,10.0,70.0,17.0,0.05181449275362319
0.0,0.0,35.0,75.0,35.0,4.0,141.0,79.0,8.76595744680851,0.7008932038834953,12.2952,3.052,0.5602836879432624,2.0,10.0,70.0,17.0,0.03815
0.0,0.0,30.0,75.0,30.0,6.0,139.0,83.0,9.884892086330936,0.6215545851528383,12.1208,2.616,0.5971223021582733,4.0,8.0,70.0,17.0,0.031142857142857146
0.0,0.0,15.0,74.0,16.0,6.0,161.0,103.0,8.422360248447205,0.7197602359882005,14.0392,1.3952,0.639751552795031,2.0,10.0,70.0,17.0,0.013415384615384615
0.0,0.0,42.0,74.0,42.0,2.0,108.0,50.0,9.555555555555555,0.6344037209302325,9.4176,3.6624,0.46296296296296297,2.0,10.0,70.0,17.0,0.07181176470588235
0.0,0.0,28.0,74.0,28.0,2.0,142.0,84.0,8.95774647887324,0.6767416352201258,12.3824,2.4416,0.5915492957746479,4.0,8.0,70.0,17.0,0.028724705882352944
0.0,0.0,45.0,69.0,47.0,9.0,115.0,53.0,9.782608695652174,0.5778090666666666,10.028,4.0984,0.4608695652173913,4.0,8.0,70.0,17.0,0.0758962962962963
0.0,0.0,25.0,74.0,25.0,5.0,146.0,91.0,9.698630136986301,0.6250449717514124,12.7312,2.18,0.6232876712328768,2.0,10.0,70.0,17.0,0.023695652173913045
0.0,0.0,43.0,73.0,43.0,4.0,126.0,61.0,9.095238095238095,0.6575045026178009,10.9872,3.7496,0.48412698412698413,3.0,9.0,70.0,17.0,0.06047741935483871
0.0,0.0,44.0,72.0,44.0,5.0,124.0,65.0,11.39516129032258,0.5176091719745223,10.8128,3.8368,0.5241935483870968,5.0,7.0,70.0,17.0,0.058133333333333335
0.0,0.0,28.0,75.0,28.0,2.0,141.0,79.0,8.76595744680851,0.7008932038834953,12.2952,2.4416,0.5602836879432624,4.0,8.0,70.0,17.0,0.030520000000000002
0.0,0.0,23.0,75.0,23.0,3.0,157.0,100.0,8.751592356687897,0.7020436681222708,13.6904,2.0056,0.6369426751592356,4.0,8.0,70.0,17.0,0.019857425742574257
0.0,0.0,38.0,73.0,38.0,9.0,135.0,72.0,10.733333333333333,0.5571577639751554,11.772,3.3136,0.5333333333333333,6.0,6.0,70.0,17.0,0.04539178082191781
0.0,0.0,31.0,74.0,31.0,5.0,131.0,76.0,9.435114503816793,0.6425020064724919,11.4232,2.7032,0.5801526717557252,5.0,7.0,70.0,17.0,0.0351064935064935
0.0,0.0,27.0,73.0,27.0,12.0,146.0,87.0,10.13013698630137,0.5903335767410413,12.7312,2.3544,0.5958904109589042,6.0,6.0,70.0,17.0,0.026754545454545454
0.0,0.0,39.0,71.0,39.0,6.0,141.0,79.0,8.76595744680851,0.6635122330097089,12.2952,3.4008,0.5602836879432624,2.0,10.0,70.0,17.0,0.04251
0.0,0.0,41.0,73.0,42.0,5.0,122.0,59.0,8.852459016393443,0.6755365925925925,10.6384,3.6624,0.48360655737704916,3.0,9.0,70.0,17.0,0.06104
0.0,0.0,38.0,71.0,39.0,3.0,138.0,81.0,8.478260869565217,0.6860274871794871,12.0336,3.4008,0.5869565217391305,4.0,8.0,70.0,17.0,0.041473170731707316
0.0,0.0,27.0,75.0,28.0,0.0,147.0,91.0,9.0,0.6826666666666666,12.8184,2.4416,0.6190476190476191,5.0,7.0,70.0,17.0,0.02653913043478261
0.0,0.0,32.0,75.0,32.0,5.0,132.0,74.0,9.045454545454545,0.6792361809045225,11.5104,2.7904,0.5606060606060606,4.0,8.0,70.0,17.0,0.03720533333333333
0.0,0.0,33.0,74.0,33.0,1.0,132.0,72.0,9.181818181818182,0.6602265346534654,11.5104,2.8776,0.5454545454545454,2.0,10.0,70.0,17.0,0.03941917808219178
0.0,0.0,36.0,74.0,36.0,11.0,139.0,79.0,10.057553956834532,0.6027389985693847,12.1208,3.1392,0.5683453237410072,5.0,7.0,70.0,17.0,0.039240000000000004
0.0,0.0,26.0,74.0,26.0,5.0,152.0,92.0,9.157894736842104,0.661951264367816,13.2544,2.2672,0.6052631578947368,6.0,6.0,70.0,17.0,0.024378494623655912
0.0,0.0,58.0,69.0,58.0,7.0,93.0,29.0,11.225806451612904,0.5035255172413792,8.1096,5.0576,0.3118279569892473,3.0,9.0,70.0,17.0,0.16858666666666666
0.0,0.0,47.0,75.0,47.0,0.0,110.0,45.0,9.0,0.6826666666666666,9.592,4.0984,0.4090909090909091,4.0,8.0,70.0,17.0,0.08909565217391303
0.0,0.0,22.0,72.0,22.0,7.0,147.0,99.0,8.775510204081632,0.672125023255814,12.8184,1.9184,0.673469387755102,3.0,9.0,70.0,17.0,0.019184
0.0,0.0,28.0,72.0,28.0,2.0,148.0,87.0,8.22972972972973,0.7166991133004926,12.9056,2.4416,0.5878378378378378,4.0,8.0,70.0,17.0,0.02774545454545455
0.0,0.0,34.0,75.0,34.0,6.0,130.0,73.0,9.692307692307692,0.6339047619047619,11.336,2.9648,0.5615384615384615,4.0,8.0,70.0,17.0,0.040064864864864866
0.0,0.0,37.0,75.0,37.0,7.0,151.0,80.0,9.913907284768213,0.6197354709418836,13.1672,3.2264,0.5298013245033113,3.0,9.0,70.0,17.0,0.039832098765432096
0.0,0.0,25.0,74.0,26.0,6.0,143.0,88.0,8.307692307692308,0.7296948148148148,12.4696,2.2672,0.6153846153846154,3.0,9.0,70.0,17.0,0.025474157303370784
0.0,0.0,28.0,73.0,29.0,3.0,143.0,88.0,8.097902097902098,0.7384826252158894,12.4696,2.5288,0.6153846153846154,2.0,10.0,70.0,17.0,0.028413483146067415
0.0,0.0,35.0,73.0,35.0,0.0,138.0,71.0,8.652173913043478,0.6911742713567839,12.0336,3.052,0.5144927536231884,4.0,8.0,70.0,17.0,0.04238888888888889
0.0,0.0,47.0,71.0,48.0,5.0,115.0,52.0,9.6,0.6058666666666666,10.028,4.1856,0.45217391304347826,2.0,10.0,70.0,17.0,0.07897358490566038
0.0,0.0,41.0,74.0,41.0,5.0,123.0,57.0,8.439024390243903,0.7183389595375722,10.7256,3.5752,0.4634146341463415,2.0,10.0,70.0,17.0,0.06164137931034483
0.0,0.0,26.0,70.0,27.0,5.0,148.0,91.0,8.35135135135135,0.6866433656957929,12.9056,2.3544,0.6148648648648649,4.0,8.0,70.0,17.0,0.025591304347826086
0.0,0.0,23.0,75.0,23.0,1.0,152.0,98.0,8.131578947368421,0.7555728155339805,13.2544,2.0056,0.6447368421052632,2.0,10.0,70.0,17.0,0.020258585858585858
0.0,0.0,34.0,75.0,34.0,6.0,136.0,68.0,9.132352941176471,0.6727729468599033,11.8592,2.9648,0.5,6.0,6.0,70.0,17.0,0.042968115942028984
0.0,0.0,21.0,74.0,22.0,4.0,152.0,98.0,8.56578947368421,0.7077082642089094,13.2544,1.9184,0.6447368421052632,3.0,9.0,70.0,17.0,0.01937777777777778
0.0,0.0,28.0,74.0,30.0,8.0,142.0,89.0,9.126760563380282,0.6642093827160492,12.3824,2.616,0.6267605633802817,6.0,6.0,70.0,17.0,0.029066666666666668
0.0,0.0,31.0,74.0,31.0,3.0,133.0,77.0,8.93233082706767,0.6786672053872054,11.5976,2.7032,0.5789473684210527,2.0,10.0,70.0,17.0,0.03465641025641025
0.0,0.0,30.0,69.0,30.0,3.0,134.0,71.0,8.64179104477612,0.6540866321243524,11.6848,2.616,0.5298507462686567,4.0,8.0,70.0,17.0,0.036333333333333336
0.0,0.0,28.0,75.0,28.0,5.0,144.0,83.0,9.3125,0.6597583892617449,12.5568,2.4416,0.5763888888888888,4.0,8.0,70.0,17.0,0.029066666666666668
0.0,0.0,33.0,72.0,33.0,3.0,143.0,83.0,8.517482517482517,0.6924863054187193,12.4696,2.8776,0.5804195804195804,5.0,7.0,70.0,17.0,0.03425714285714286
0.0,0.0,34.0,72.0,34.0,6.0,128.0,74.0,9.3515625,0.6307224060150376,11.1616,2.9648,0.578125,4.0,8.0,70.0,17.0,0.039530666666666665
0.0,0.0,35.0,75.0,35.0,3.0,128.0,72.0,8.578125,0.7162404371584699,11.1616,3.052,0.5625,3.0,9.0,70.0,17.0,0.041808219178082195
0.0,0.0,23.0,75.0,23.0,5.0,152.0,89.0,8.881578947368421,0.691768888888889,13.2544,2.0056,0.5855263157894737,2.0,10.0,70.0,17.0,0.022284444444444444
0.0,0.0,32.0,74.0,34.0,1.0,133.0,74.0,8.345864661654135,0.7263573333333332,11.5976,2.9648,0.556390977443609,3.0,9.0,70.0,17.0,0.039530666666666665
0.0,0.0,38.0,73.0,38.0,2.0,125.0,61.0,8.832,0.6771014492753622,10.9,3.3136,0.488,2.0,10.0,70.0,17.0,0.05344516129032258
0.0,0.0,29.0,73.0,29.0,6.0,134.0,81.0,9.402985074626866,0.6359852698412699,11.6848,2.5288,0.6044776119402985,2.0,10.0,70.0,17.0,0.030839024390243903
0.0,0.0,28.0,71.0,28.0,4.0,144.0,83.0,8.083333333333334,0.7195447422680412,12.5568,2.4416,0.5763888888888888,3.0,9.0,70.0,17.0,0.029066666666666668
0.0,0.0,30.0,74.0,31.0,2.0,151.0,89.0,7.986754966887418,0.7590166500829185,13.1672,2.7032,0.5894039735099338,5.0,7.0,70.0,17.0,0.030035555555555555
0.0,0.0,33.0,70.0,33.0,4.0,134.0,72.0,8.552238805970148,0.670514485165794,11.6848,2.8776,0.5373134328358209,4.0,8.0,70.0,17.0,0.03941917808219178
0.0,0.0,31.0,75.0,31.0,10.0,142.0,83.0,10.774647887323944,0.5702274509803921,12.3824,2.7032,0.5845070422535211,5.0,7.0,70.0,17.0,0.03218095238095238
0.0,0.0,18.0,75.0,19.0,7.0,167.0,109.0,8.622754491017965,0.7125333333333334,14.5624,1.6568,0.6526946107784432,2.0,10.0,70.0,17.0,0.015061818181818181
0.0,0.0,31.0,74.0,31.0,4.0,131.0,76.0,8.198473282442748,0.7394157169459962,11.4232,2.7032,0.5801526717557252,3.0,9.0,70.0,17.0,0.0351064935064935
0.0,0.0,26.0,74.0,27.0,4.0,150.0,89.0,8.12,0.7465615763546798,13.08,2.3544,0.5933333333333334,4.0,8.0,70.0,17.0,0.02616
0.0,0.0,23.0,74.0,23.0,4.0,159.0,102.0,8.49056603773585,0.713978311111111,13.8648,2.0056,0.6415094339622641,3.0,9.0,70.0,17.0,0.019471844660194172
0.0,0.0,33.0,71.0,33.0,5.0,145.0,85.0,8.648275862068965,0.6725409888357256,12.644,2.8776,0.5862068965517241,3.0,9.0,70.0,17.0,0.03346046511627907
0.0,0.0,29.0,73.0,29.0,3.0,146.0,86.0,8.917808219178083,0.6705862980030721,12.7312,2.5288,0.589041095890411,3.0,9.0,70.0,17.0,0.029066666666666664
0.0,0.0,29.0,73.0,29.0,4.0,136.0,80.0,9.397058823529411,0.6363863536776212,11.8592,2.5288,0.5882352941176471,4.0,8.0,70.0,17.0,0.031219753086419753
0.0,0.0,24.0,71.0,24.0,7.0,151.0,95.0,10.013245033112582,0.5808626455026455,13.1672,2.0928,0.6291390728476821,6.0,6.0,70.0,17.0,0.0218
0.0,0.0,41.0,75.0,41.0,2.0,123.0,61.0,9.804878048780488,0.6266268656716418,10.7256,3.5752,0.4959349593495935,3.0,9.0,70.0,17.0,0.05766451612903226
0.0,0.0,28.0,75.0,29.0,2.0,148.0,93.0,8.22972972972973,0.7465615763546798,12.9056,2.5288,0.6283783783783784,2.0,10.0,70.0,17.0,0.026902127659574466
0.0,0.0,16.0,74.0,16.0,4.0,159.0,101.0,7.886792452830188,0.7686369377990432,13.8648,1.3952,0.6352201257861635,4.0,8.0,70.0,17.0,0.013678431372549019
0.0,0.0,24.0,73.0,24.0,7.0,151.0,83.0,8.980132450331126,0.6659322713864305,13.1672,2.0928,0.5496688741721855,4.0,8.0,70.0,17.0,0.024914285714285715
0.0,0.0,32.0,74.0,32.0,6.0,136.0,76.0,9.044117647058824,0.6702787642276422,11.8592,2.7904,0.5588235294117647,2.0,10.0,70.0,17.0,0.036238961038961036
0.0,0.0,37.0,70.0,38.0,5.0,131.0,67.0,8.65648854961832,0.6624395061728394,11.4232,3.3136,0.5114503816793893,3.0,9.0,70.0,17.0,0.04872941176470588
0.0,0.0,42.0,74.0,42.0,4.0,120.0,57.0,8.75,0.6928091428571428,10.464,3.6624,0.475,5.0,7.0,70.0,17.0,0.06314482758620689
0.0,0.0,19.0,71.0,19.0,6.0,155.0,100.0,9.406451612903226,0.6183330589849108,13.516,1.6568,0.6451612903225806,4.0,8.0,70.0,17.0,0.016403960396039606
0.0,0.0,25.0,74.0,26.0,0.0,159.0,102.0,8.18867924528302,0.7403000921658984,13.8648,2.2672,0.6415094339622641,4.0,8.0,70.0,17.0,0.022011650485436893
0.0,0.0,23.0,75.0,23.0,3.0,156.0,97.0,8.115384615384615,0.7570805687203791,13.6032,2.0056,0.6217948717948718,6.0,6.0,70.0,17.0,0.020465306122448977
0.0,0.0,35.0,74.0,35.0,3.0,125.0,64.0,8.496,0.7135216572504707,10.9,3.052,0.512,3.0,9.0,70.0,17.0,0.04695384615384615
0.0,0.0,37.0,74.0,37.0,3.0,144.0,77.0,8.958333333333334,0.6766973023255813,12.5568,3.2264,0.5347222222222222,2.0,10.0,70.0,17.0,0.04136410256410256
0.0,0.0,35.0,74.0,35.0,2.0,137.0,76.0,8.058394160583942,0.7522689855072463,11.9464,3.052,0.5547445255474452,2.0,10.0,70.0,17.0,0.039636363636363636
0.0,0.0,33.0,71.0,33.0,3.0,152.0,89.0,8.743421052631579,0.6652224529721595,13.2544,2.8776,0.5855263157894737,2.0,10.0,70.0,17.0,0.03197333333333333
0.0,0.0,40.0,73.0,40.0,5.0,131.0,66.0,9.641221374045802,0.620269960411718,11.4232,3.488,0.5038167938931297,3.0,9.0,70.0,17.0,0.052059701492537316
0.0,0.0,32.0,73.0,32.0,4.0,135.0,76.0,8.266666666666667,0.7234064516129031,11.772,2.7904,0.562962962962963,5.0,7.0,70.0,17.0,0.036238961038961036
0.0,0.0,33.0,71.0,33.0,2.0,130.0,69.0,8.815384615384616,0.6597919720767887,11.336,2.8776,0.5307692307692308,4.0,8.0,70.0,17.0,0.04110857142857143
0.0,0.0,28.0,75.0,30.0,6.0,151.0,92.0,9.397350993377483,0.653801268498943,13.1672,2.616,0.609271523178808,5.0,7.0,70.0,17.0,0.028129032258064516
0.0,0.0,17.0,76.0,18.0,6.0,156.0,102.0,8.764044943820224,0.710393435897436,13.66656,1.5696,0.6538461538461539,2.0,10.0,70.0,17.0,0.015238834951456311
0.0,0.0,68.0,39.0,68.0,0.0,84.0,17.0,9.3046875,0.34336241813602014,7.45152,5.9296,0.20238095238095238,3.0,9.0,70.0,17.0,0.3294222222222222
0.0,0.0,46.0,30.0,49.0,0.0,47.0,3.0,12.130434782608695,0.2025978494623656,4.22944,4.0112,0.06382978723404255,4.0,8.0,70.0,17.0,1.0028
0.0,0.0,28.0,28.0,34.0,0.0,28.0,0.0,13.157142857142857,0.17433572204125952,2.55904,2.4416,0.0,6.0,6.0,70.0,17.0,2.4416
1.0,1.0,41.0,32.0,45.0,0.0,40.0,1.0,13.961538461538462,0.1877615426997245,3.51552,3.49328,0.025,6.0,6.0,70.0,17.0,1.74664
0.0,0.0,33.0,35.0,42.0,1.0,35.0,0.0,16.455882352941178,0.1742355674709562,3.14528,2.8776,0.0,5.0,7.0,70.0,17.0,2.8776
3.0,3.0,45.0,43.0,61.0,0.0,44.0,5.0,15.0,0.23483733333333331,3.68784,3.67824,0.11363636363636363,2.0,10.0,70.0,17.0,0.61304
0.0,0.0,50.0,50.0,53.0,1.0,51.0,1.0,18.17142857142857,0.22540880503144656,4.50048,4.36,0.0196078431372549,4.0,8.0,70.0,17.0,2.18
1.0,1.0,55.0,56.0,62.0,2.0,58.0,2.0,19.342105263157894,0.23717790476190478,5.02432,4.71408,0.034482758620689655,4.0,8.0,70.0,17.0,1.57136
1.0,1.0,44.0,61.0,57.0,20.0,145.0,91.0,15.883435582822086,0.31461203553495554,12.28256,3.75488,0.6275862068965518,4.0,8.0,70.0,17.0,0.04081391304347826
1.0,1.0,29.0,66.0,37.0,13.0,175.0,130.0,10.858695652173912,0.49791615615615614,14.38,2.44688,0.7428571428571429,2.0,10.0,70.0,17.0,0.01867847328244275
1.0,1.0,34.0,67.0,37.0,2.0,161.0,118.0,8.5,0.6457223529411765,13.81856,2.88288,0.7329192546583851,5.0,7.0,70.0,17.0,0.024225882352941177
0.0,0.0,19.0,62.0,19.0,4.0,166.0,129.0,8.566265060240964,0.5929118424753868,14.4752,1.6568,0.7771084337349398,2.0,10.0,70.0,17.0,0.012744615384615385
0.0,0.0,39.0,64.0,39.0,5.0,136.0,88.0,9.088235294117647,0.5768864724919094,11.8592,3.4008,0.6470588235294118,4.0,8.0,70.0,17.0,0.038211235955056176
0.0,0.0,28.0,62.0,28.0,8.0,151.0,109.0,8.860927152317881,0.5731950971599401,13.1672,2.4416,0.7218543046357616,5.0,7.0,70.0,17.0,0.02219636363636364
0.0,0.0,24.0,62.0,27.0,6.0,147.0,117.0,8.532467532467532,0.5952603957382041,12.84976,2.3544,0.7959183673469388,2.0,10.0,70.0,17.0,0.019952542372881358
0.0,0.0,22.0,65.0,23.0,4.0,174.0,132.0,8.413793103448276,0.6328655737704917,15.1728,2.0056,0.7586206896551724,6.0,6.0,70.0,17.0,0.015079699248120299
0.0,0.0,21.0,65.0,24.0,6.0,163.0,125.0,9.349693251533742,0.5695160104986877,14.2136,2.0928,0.7668711656441718,4.0,8.0,70.0,17.0,0.01660952380952381
0.0,0.0,22.0,63.0,23.0,2.0,164.0,120.0,8.378048780487806,0.6160097816593886,14.3008,2.0056,0.7317073170731707,2.0,10.0,70.0,17.0,0.016575206611570248
0.0,0.0,27.0,66.0,27.0,3.0,174.0,123.0,8.241379310344827,0.6560455230125523,14.68128,2.3544,0.7068965517241379,5.0,7.0,70.0,17.0,0.018987096774193548
1.0,1.0,25.0,65.0,25.0,4.0,173.0,131.0,8.10989010989011,0.6565810298102981,14.46736,2.09808,0.7572254335260116,3.0,9.0,70.0,17.0,0.015894545454545453
0.0,0.0,17.0,63.0,17.0,3.0,182.0,129.0,8.32258064516129,0.6201153488372093,15.30848,1.4824,0.7087912087912088,6.0,6.0,70.0,17.0,0.011403076923076922
0.0,0.0,33.0,64.0,34.0,2.0,156.0,99.0,8.625,0.6078701449275362,13.61472,2.9648,0.6346153846153846,6.0,6.0,70.0,17.0,0.029647999999999997
0.0,0.0,29.0,60.0,30.0,5.0,168.0,108.0,9.069767441860465,0.5419323076923076,14.66112,2.616,0.6428571428571429,5.0,7.0,70.0,17.0,0.024
0.0,0.0,30.0,65.0,30.0,2.0,156.0,98.0,8.4375,0.6310874074074074,13.61472,2.616,0.6282051282051282,3.0,9.0,70.0,17.0,0.026424242424242426
0.0,0.0,49.0,65.0,55.0,4.0,121.0,56.0,9.425373134328359,0.5649431512272367,10.6,4.36,0.4628099173553719,3.0,9.0,70.0,17.0,0.07649122807017544
0.0,0.0,32.0,64.0,32.0,2.0,138.0,84.0,8.565217391304348,0.6121128934010153,12.0336,2.7904,0.6086956521739131,5.0,7.0,70.0,17.0,0.032828235294117644
0.0,0.0,30.0,64.0,30.0,5.0,152.0,95.0,8.881578947368421,0.5903094518518518,13.2544,2.616,0.625,4.0,8.0,70.0,17.0,0.02725
0.0,0.0,43.0,64.0,43.0,6.0,134.0,74.0,9.873134328358208,0.5310248828420256,11.6848,3.7496,0.5522388059701493,4.0,8.0,70.0,17.0,0.049994666666666666
1.0,1.0,34.0,68.0,37.0,4.0,146.0,82.0,8.959183673469388,0.6217709339407743,12.6504,3.05728,0.5616438356164384,6.0,6.0,70.0,17.0,0.036834698795180726
1.0,1.0,35.0,78.0,38.0,2.0,138.0,86.0,8.753424657534246,0.7299725821596244,11.98416,3.14448,0.6231884057971014,4.0,8.0,70.0,17.0,0.03614344827586207
1.0,1.0,24.0,73.0,24.0,4.0,178.0,125.0,8.696629213483146,0.6876411369509045,15.112,2.01088,0.702247191011236,6.0,6.0,70.0,17.0,0.015959365079365077
0.0,0.0,23.0,72.0,23.0,2.0,178.0,125.0,8.359550561797754,0.7055690322580643,15.5216,2.0056,0.702247191011236,6.0,6.0,70.0,17.0,0.015917460317460316
0.0,0.0,27.0,75.0,28.0,11.0,177.0,119.0,9.76271186440678,0.6293333333333332,15.4344,2.4416,0.672316384180791,6.0,6.0,70.0,17.0,0.02034666666666667
0.0,0.0,20.0,75.0,21.0,3.0,192.0,135.0,8.1875,0.750412213740458,16.7424,1.8312,0.703125,4.0,8.0,70.0,17.0,0.013464705882352941
0.0,0.0,18.0,73.0,21.0,1.0,175.0,123.0,7.978021978021978,0.7495792837465565,15.28192,1.5696,0.7028571428571428,3.0,9.0,70.0,17.0,0.012658064516129034
0.0,0.0,23.0,76.0,24.0,4.0,171.0,116.0,8.468571428571428,0.7351794871794872,14.92272,2.0928,0.6783625730994152,5.0,7.0,70.0,17.0,0.017887179487179487
0.0,0.0,35.0,73.0,35.0,6.0,162.0,95.0,9.144578313253012,0.6539568906455863,14.13792,3.052,0.5864197530864198,4.0,8.0,70.0,17.0,0.03179166666666667
0.0,0.0,22.0,71.0,23.0,1.0,191.0,133.0,8.0,0.7270399999999999,16.66672,2.0056,0.6963350785340314,2.0,10.0,70.0,17.0,0.014967164179104476
0.0,0.0,21.0,74.0,23.0,2.0,184.0,123.0,8.202127659574469,0.7390862775616083,16.05632,2.0056,0.6684782608695652,3.0,9.0,70.0,17.0,0.016174193548387096
0.0,0.0,26.0,71.0,27.0,8.0,188.0,120.0,9.1875,0.633068843537415,16.40512,2.3544,0.6382978723404256,5.0,7.0,70.0,17.0,0.01945785123966942
1.0,1.0,24.0,80.0,28.0,4.0,181.0,110.0,8.838709677419354,0.741465693430657,15.71392,2.18528,0.6077348066298343,4.0,8.0,70.0,17.0,0.019687207207207208
0.0,0.0,19.0,80.0,20.0,2.0,192.0,128.0,7.989795918367347,0.8202462324393358,16.75392,1.744,0.6666666666666666,3.0,9.0,70.0,17.0,0.01351937984496124
0.0,0.0,18.0,79.0,18.0,6.0,192.0,130.0,8.041237113402062,0.8048114871794871,16.74816,1.5696,0.6770833333333334,2.0,10.0,70.0,17.0,0.011981679389312978
0.0,0.0,60.0,40.0,70.0,1.0,76.0,21.0,8.474452554744525,0.38666804478897504,6.81008,5.232,0.27631578947368424,2.0,10.0,70.0,17.0,0.23781818181818182
0.0,0.0,45.0,30.0,62.0,0.0,81.0,29.0,8.658536585365853,0.28383549295774646,7.18368,4.9704,0.35802469135802467,2.0,10.0,70.0,17.0,0.16568
0.0,0.0,49.0,29.0,62.0,2.0,71.0,17.0,10.574257425742575,0.2246663670411985,5.9496,4.80128,0.23943661971830985,2.0,10.0,70.0,17.0,0.2667377777777778
0.0,0.0,30.0,29.0,33.0,0.0,30.0,1.0,14.588235294117647,0.16284903225806452,2.67472,2.616,0.03333333333333333,5.0,7.0,70.0,17.0,1.308
1.0,1.0,39.0,36.0,46.0,12.0,89.0,48.0,11.327102803738319,0.26035960396039604,7.72752,3.58048,0.5393258426966292,6.0,6.0,70.0,17.0,0.07307102040816327
2.0,2.0,37.0,40.0,54.0,8.0,83.0,51.0,11.464285714285714,0.2858267912772586,7.1584,3.06256,0.6144578313253012,6.0,6.0,70.0,17.0,0.05889538461538461
1.0,1.0,42.0,52.0,50.0,12.0,126.0,90.0,12.3,0.3463284552845528,10.99056,3.58048,0.7142857142857143,6.0,6.0,70.0,17.0,0.03934593406593407
3.0,3.0,41.0,63.0,57.0,15.0,134.0,97.0,11.226993865030675,0.4596920655737705,10.87824,3.41664,0.7238805970149254,6.0,6.0,70.0,17.0,0.034863673469387756
1.0,1.0,21.0,71.0,22.0,14.0,187.0,149.0,10.835106382978724,0.5368032204221894,16.2256,1.74928,0.7967914438502673,4.0,8.0,70.0,17.0,0.011661866666666666
0.0,0.0,26.0,70.0,26.0,6.0,180.0,136.0,8.133333333333333,0.7050491803278688,15.696,2.2672,0.7555555555555555,2.0,10.0,70.0,17.0,0.01654890510948905
0.0,0.0,20.0,71.0,21.0,2.0,179.0,143.0,8.64516129032258,0.6727832835820896,15.64016,1.8312,0.7988826815642458,4.0,8.0,70.0,17.0,0.012716666666666666
0.0,0.0,22.0,66.0,25.0,2.0,183.0,145.0,8.063492063492063,0.6705184251968505,15.15904,1.9184,0.7923497267759563,4.0,8.0,70.0,17.0,0.01313972602739726
0.0,0.0,29.0,69.0,30.0,2.0,159.0,117.0,8.452830188679245,0.6687085714285714,13.53712,2.616,0.7358490566037735,2.0,10.0,70.0,17.0,0.02216949152542373
0.0,0.0,20.0,68.0,20.0,6.0,181.0,138.0,8.41988950276243,0.6615953805774278,15.7832,1.744,0.7624309392265194,2.0,10.0,70.0,17.0,0.012546762589928057
0.0,0.0,28.0,68.0,28.0,8.0,176.0,123.0,9.511363636363637,0.5856741696535245,15.3472,2.4416,0.6988636363636364,5.0,7.0,70.0,17.0,0.019690322580645164
0.0,0.0,20.0,71.0,20.0,5.0,182.0,138.0,8.952879581151832,0.649659134502924,15.90752,1.744,0.7582417582417582,3.0,9.0,70.0,17.0,0.012546762589928057
0.0,0.0,18.0,71.0,18.0,4.0,174.0,126.0,7.945054945054945,0.7320679391424618,15.19584,1.5696,0.7241379310344828,4.0,8.0,70.0,17.0,0.012359055118110238
0.0,0.0,19.0,68.0,20.0,4.0,184.0,129.0,7.890625,0.7059719603960396,16.06784,1.744,0.7010869565217391,2.0,10.0,70.0,17.0,0.013415384615384615
0.0,0.0,52.0,54.0,69.0,1.0,116.0,55.0,8.57396449704142,0.5159433540372671,10.27216,4.6216,0.47413793103448276,5.0,7.0,70.0,17.0,0.08252857142857142
0.0,0.0,76.0,30.0,88.0,1.0,93.0,15.0,11.456692913385826,0.2145121649484536,8.1192,6.63248,0.16129032258064516,3.0,9.0,70.0,17.0,0.41453
2.0,2.0,57.0,42.0,66.0,1.0,79.0,30.0,11.836363636363636,0.2906838709677419,6.81808,4.89376,0.379746835443038,6.0,6.0,70.0,17.0,0.15786322580645162
0.0,0.0,38.0,39.0,41.0,4.0,89.0,46.0,12.60576923076923,0.2534458581235698,7.80256,3.3136,0.5168539325842697,4.0,8.0,70.0,17.0,0.07050212765957448
1.0,1.0,56.0,46.0,57.0,0.0,55.0,4.0,12.573529411764707,0.2997026432748538,4.74976,4.80128,0.07272727272727272,6.0,6.0,70.0,17.0,0.960256
0.0,0.0,45.0,45.0,54.0,0.0,45.0,1.0,15.23076923076923,0.24203636363636366,3.97856,3.924,0.022222222222222223,3.0,9.0,70.0,17.0,1.962
2.0,2.0,45.0,57.0,51.0,13.0,128.0,84.0,12.558620689655172,0.3718115321252059,10.80848,3.76016,0.65625,4.0,8.0,70.0,17.0,0.04423717647058824
0.0,0.0,29.0,54.0,29.0,18.0,158.0,125.0,11.198863636363637,0.395011506849315,13.85184,2.5288,0.7911392405063291,6.0,6.0,70.0,17.0,0.02006984126984127
0.0,0.0,40.0,55.0,40.0,17.0,135.0,86.0,11.179856115107913,0.4030105534105534,11.78352,3.488,0.6370370370370371,6.0,6.0,70.0,17.0,0.040091954022988506
0.0,0.0,31.0,54.0,31.0,3.0,154.0,109.0,8.658227848101266,0.5109221052631578,13.44032,2.7032,0.7077922077922078,2.0,10.0,70.0,17.0,0.024574545454545453
0.0,0.0,28.0,56.0,30.0,7.0,142.0,104.0,8.95890410958904,0.512062629969419,12.39392,2.616,0.7323943661971831,4.0,8.0,70.0,17.0,0.024914285714285715
0.0,0.0,35.0,56.0,41.0,6.0,137.0,105.0,8.692307692307692,0.5277677876106194,11.93984,3.14448,0.7664233576642335,3.0,9.0,70.0,17.0,0.02966490566037736
0.0,0.0,30.0,54.0,41.0,4.0,144.0,100.0,8.423076923076923,0.5251857534246575,12.34304,2.7032,0.6944444444444444,6.0,6.0,70.0,17.0,0.026764356435643562
0.0,0.0,37.0,54.0,38.0,9.0,132.0,92.0,9.293706293706293,0.4759866365688487,11.2256,3.3136,0.696969696969697,3.0,9.0,70.0,17.0,0.03563010752688172
0.0,0.0,31.0,55.0,34.0,12.0,148.0,105.0,9.647058823529411,0.46704390243902444,12.91824,2.7032,0.7094594594594594,6.0,6.0,70.0,17.0,0.025501886792452827
0.0,0.0,35.0,55.0,35.0,7.0,120.0,80.0,8.905511811023622,0.505933863837312,10.49536,3.052,0.6666666666666666,3.0,9.0,70.0,17.0,0.03767901234567901
0.0,0.0,41.0,55.0,45.0,2.0,126.0,84.0,8.538461538461538,0.5276828828828828,11.05392,3.6624,0.6666666666666666,5.0,7.0,70.0,17.0,0.04308705882352941
0.0,0.0,31.0,56.0,37.0,15.0,141.0,97.0,10.19205298013245,0.45010755035737493,12.32048,2.7904,0.6879432624113475,5.0,7.0,70.0,17.0,0.028473469387755104
0.0,0.0,22.0,54.0,27.0,11.0,142.0,114.0,8.037037037037036,0.5504117972350231,11.89232,2.0928,0.8028169014084507,2.0,10.0,70.0,17.0,0.018198260869565216
0.0,0.0,31.0,53.0,31.0,3.0,140.0,92.0,8.614285714285714,0.5040185737976782,12.208,2.7032,0.6571428571428571,4.0,8.0,70.0,17.0,0.029066666666666664
