devrx_packets,devtxAP_packets,devrxAP_packets,devtx_packets,phyrx0k_packets,phyrxerrortrace_packets,phytx_packets,retransmissions,avg_datarate,ocupacion,throughput,goodThroughput,retransmissionsPerPacket,w,c,tam_red,num_stas
0.0,0.0,0.0,0.0,0.0,0.0,0.0,0.0,0.0,0.0,0.0,0.0,0.0,2.0,10.0,40.0,9.0
1.0,1.0,3.0,4.0,9.0,0.0,3.0,0.0,6.0,0.0546133333333333,0.19328,0.17968,0.0,2.0,10.0,40.0,9.0
0.0,0.0,5.0,5.0,10.0,0.0,5.0,0.0,6.0,0.0682666666666666,0.44848,0.436,0.0,2.0,10.0,40.0,9.0
0.0,0.0,5.0,5.0,5.0,0.0,5.0,0.0,8.4,0.0487619047619047,0.436,0.436,0.0,2.0,10.0,40.0,9.0
0.0,0.0,5.0,5.0,5.0,0.0,5.0,0.0,9.0,0.0455111111111111,0.436,0.436,0.0,2.0,10.0,40.0,9.0
0.0,0.0,5.0,5.0,8.0,0.0,5.0,0.0,9.375,0.0436906666666666,0.44288,0.436,0.0,2.0,10.0,40.0,9.0
0.0,0.0,5.0,5.0,7.0,0.0,5.0,0.0,10.285714285714286,0.0398222222222222,0.4416,0.436,0.0,2.0,10.0,40.0,9.0
0.0,0.0,5.0,5.0,10.0,0.0,5.0,0.0,11.4,0.0359298245614035,0.44848,0.436,0.0,2.0,10.0,40.0,9.0
0.0,0.0,5.0,5.0,5.0,0.0,5.0,0.0,18.0,0.0227555555555555,0.436,0.436,0.0,2.0,10.0,40.0,9.0
0.0,0.0,4.0,4.0,4.0,0.0,4.0,0.0,22.5,0.0145635555555555,0.3488,0.3488,0.0,2.0,10.0,40.0,9.0
0.0,0.0,5.0,5.0,8.0,0.0,5.0,0.0,17.25,0.0237449275362318,0.44288,0.436,0.0,2.0,10.0,40.0,9.0
0.0,0.0,5.0,5.0,7.0,0.0,5.0,0.0,24.0,0.0170666666666666,0.4416,0.436,0.0,2.0,10.0,40.0,9.0
0.0,0.0,5.0,5.0,5.0,0.0,5.0,0.0,36.0,0.0113777777777777,0.436,0.436,0.0,2.0,10.0,40.0,9.0
0.0,0.0,5.0,5.0,5.0,0.0,5.0,0.0,43.2,0.0094814814814814,0.436,0.436,0.0,2.0,10.0,40.0,9.0
0.0,0.0,5.0,5.0,8.0,0.0,5.0,0.0,32.25,0.0127007751937984,0.44288,0.436,0.0,2.0,10.0,40.0,9.0
0.0,0.0,5.0,5.0,7.0,0.0,5.0,0.0,38.57142857142857,0.0106192592592592,0.4416,0.436,0.0,2.0,10.0,40.0,9.0
0.0,0.0,5.0,5.0,10.0,0.0,5.0,0.0,30.0,0.0136533333333333,0.44848,0.436,0.0,2.0,10.0,40.0,9.0
1.0,1.0,9.0,10.0,10.0,0.0,10.0,0.0,27.818181818181817,0.0294483660130718,0.7912,0.70288,0.0,2.0,10.0,40.0,9.0
0.0,0.0,10.0,9.0,10.0,0.0,9.0,0.0,27.666666666666668,0.0266486746987951,0.7848,0.872,0.0,2.0,10.0,40.0,9.0
0.0,0.0,10.0,10.0,10.0,0.0,10.0,0.0,31.5,0.0260063492063492,0.872,0.872,0.0,2.0,10.0,40.0,9.0
0.0,0.0,10.0,10.0,10.0,0.0,10.0,0.0,31.8,0.0257610062893081,0.872,0.872,0.0,2.0,10.0,40.0,9.0
1.0,1.0,16.0,16.0,20.0,0.0,16.0,0.0,19.5,0.0672164102564102,1.32128,1.31328,0.0,2.0,10.0,40.0,9.0
1.0,1.0,20.0,20.0,28.0,0.0,20.0,0.0,16.071428571428573,0.1019448888888888,1.68128,1.66208,0.0,2.0,10.0,40.0,9.0
0.0,0.0,19.0,19.0,19.0,0.0,19.0,0.0,22.105263157894736,0.0704121904761904,1.6568,1.6568,0.0,2.0,10.0,40.0,9.0
0.0,0.0,20.0,20.0,20.0,0.0,20.0,0.0,22.8,0.071859649122807,1.744,1.744,0.0,2.0,10.0,40.0,9.0
1.0,1.0,22.0,22.0,23.0,0.0,22.0,0.0,22.43478260869565,0.0803324031007751,1.8376,1.83648,0.0,2.0,10.0,40.0,9.0
0.0,0.0,22.0,23.0,22.0,0.0,23.0,0.0,20.869565217391305,0.0902826666666666,2.0056,1.9184,0.0,2.0,10.0,40.0,9.0
0.0,0.0,25.0,24.0,25.0,0.0,24.0,0.0,26.5,0.0741916981132075,2.0928,2.18,0.0,2.0,10.0,40.0,9.0
0.0,0.0,24.0,24.0,24.0,0.0,24.0,0.0,27.625,0.0711703167420814,2.0928,2.0928,0.0,2.0,10.0,40.0,9.0
0.0,0.0,25.0,25.0,25.0,0.0,25.0,0.0,30.84,0.0664072632944228,2.18,2.18,0.0,2.0,10.0,40.0,9.0
1.0,1.0,31.0,31.0,32.0,1.0,32.0,1.0,27.63636363636364,0.0918905263157894,2.7096,2.62128,0.03125,2.0,10.0,40.0,9.0
1.0,1.0,35.0,35.0,36.0,2.0,37.0,2.0,27.157894736842103,0.1055751937984496,3.1456,2.97008,0.054054054054054,2.0,10.0,40.0,9.0
0.0,0.0,34.0,34.0,34.0,3.0,37.0,3.0,31.135135135135137,0.0894577777777777,3.2264,2.9648,0.081081081081081,2.0,10.0,40.0,9.0
0.0,0.0,35.0,35.0,35.0,4.0,39.0,4.0,30.46153846153846,0.0941252525252525,3.4008,3.052,0.1025641025641025,2.0,10.0,40.0,9.0
0.0,0.0,35.0,35.0,35.0,1.0,36.0,1.0,30.33333333333333,0.0945230769230769,3.1392,3.052,0.0277777777777777,2.0,10.0,40.0,9.0
0.0,0.0,31.0,31.0,31.0,2.0,33.0,2.0,33.81818181818182,0.0750933333333333,2.8776,2.7032,0.0606060606060606,2.0,10.0,40.0,9.0
1.0,1.0,36.0,36.0,37.0,6.0,42.0,6.0,34.604651162790695,0.0852232258064516,3.5816,3.05728,0.1428571428571428,2.0,10.0,40.0,9.0
1.0,1.0,45.0,45.0,46.0,1.0,46.0,1.0,28.72340425531915,0.1283413333333333,3.9304,3.84208,0.0217391304347826,2.0,10.0,40.0,9.0
0.0,0.0,44.0,44.0,44.0,5.0,49.0,5.0,31.897959183673468,0.113000332693538,4.2728,3.8368,0.1020408163265306,2.0,10.0,40.0,9.0
0.0,0.0,44.0,44.0,44.0,0.0,44.0,0.0,31.227272727272727,0.1154273071324599,3.8368,3.8368,0.0,2.0,10.0,40.0,9.0
0.0,0.0,44.0,44.0,44.0,3.0,47.0,3.0,34.40425531914894,0.1047684353741496,4.0984,3.8368,0.0638297872340425,2.0,10.0,40.0,9.0
0.0,0.0,45.0,45.0,45.0,3.0,48.0,3.0,36.25,0.1016937931034482,4.1856,3.924,0.0625,2.0,10.0,40.0,9.0
0.0,0.0,44.0,44.0,44.0,5.0,49.0,5.0,37.71428571428572,0.0955733333333333,4.2728,3.8368,0.1020408163265306,2.0,10.0,40.0,9.0
0.0,0.0,42.0,43.0,42.0,3.0,46.0,3.0,37.82608695652174,0.0931251494252873,4.0112,3.6624,0.0652173913043478,2.0,10.0,40.0,9.0
0.0,0.0,44.0,43.0,44.0,2.0,45.0,2.0,37.46666666666667,0.0940185053380782,3.924,3.8368,0.0444444444444444,2.0,10.0,40.0,9.0
0.0,0.0,44.0,44.0,44.0,4.0,48.0,4.0,39.625,0.0909647949526813,4.1856,3.8368,0.0833333333333333,2.0,10.0,40.0,9.0
0.0,0.0,45.0,45.0,45.0,4.0,49.0,4.0,39.67346938775511,0.0929185185185185,4.2728,3.924,0.0816326530612244,2.0,10.0,40.0,9.0
0.0,0.0,44.0,44.0,44.0,5.0,49.0,5.0,42.12244897959184,0.085571472868217,4.2728,3.8368,0.1020408163265306,2.0,10.0,40.0,9.0
0.0,0.0,44.0,44.0,44.0,3.0,47.0,3.0,42.38297872340426,0.0850454618473895,4.0984,3.8368,0.0638297872340425,2.0,10.0,40.0,9.0
0.0,0.0,44.0,44.0,44.0,2.0,46.0,2.0,43.56521739130435,0.0827375648702594,4.0112,3.8368,0.0434782608695652,2.0,10.0,40.0,9.0
0.0,0.0,45.0,45.0,45.0,5.0,50.0,5.0,44.04,0.0837057220708446,4.36,3.924,0.1,2.0,10.0,40.0,9.0
0.0,0.0,44.0,44.0,44.0,3.0,47.0,3.0,43.659574468085104,0.0825587524366471,4.0984,3.8368,0.0638297872340425,2.0,10.0,40.0,9.0
0.0,0.0,41.0,42.0,41.0,2.0,44.0,2.0,44.86363636363637,0.0766910638297872,3.8368,3.5752,0.0454545454545454,2.0,10.0,40.0,9.0
0.0,0.0,44.0,43.0,44.0,4.0,47.0,4.0,45.06382978723404,0.0781682341831916,4.0984,3.8368,0.0851063829787234,2.0,10.0,40.0,9.0
0.0,0.0,45.0,45.0,45.0,4.0,49.0,4.0,45.06122448979592,0.0818086956521739,4.2728,3.924,0.0816326530612244,2.0,10.0,40.0,9.0
0.0,0.0,44.0,44.0,44.0,4.0,48.0,4.0,45.25,0.0796570165745856,4.1856,3.8368,0.0833333333333333,2.0,10.0,40.0,9.0
0.0,0.0,44.0,44.0,44.0,2.0,46.0,2.0,45.65217391304348,0.0789552761904762,4.0112,3.8368,0.0434782608695652,2.0,10.0,40.0,9.0
0.0,0.0,44.0,44.0,44.0,5.0,49.0,5.0,44.326530612244895,0.0813165377532228,4.2728,3.8368,0.1020408163265306,2.0,10.0,40.0,9.0
0.0,0.0,45.0,45.0,45.0,2.0,47.0,2.0,44.297872340425535,0.0832184438040345,4.0984,3.924,0.0425531914893617,2.0,10.0,40.0,9.0
0.0,0.0,44.0,44.0,44.0,4.0,48.0,4.0,44.625,0.0807726610644257,4.1856,3.8368,0.0833333333333333,2.0,10.0,40.0,9.0
0.0,0.0,43.0,43.0,43.0,4.0,47.0,4.0,45.4468085106383,0.0775095131086142,4.0984,3.7496,0.0851063829787234,2.0,10.0,40.0,9.0
0.0,0.0,43.0,43.0,43.0,2.0,45.0,2.0,45.46666666666667,0.0774756598240469,3.924,3.7496,0.0444444444444444,2.0,10.0,40.0,9.0
0.0,0.0,44.0,44.0,44.0,5.0,49.0,5.0,45.42857142857143,0.0793438993710691,4.2728,3.8368,0.1020408163265306,2.0,10.0,40.0,9.0
0.0,0.0,45.0,45.0,45.0,6.0,51.0,6.0,44.0,0.0837818181818182,4.4472,3.924,0.1176470588235294,2.0,10.0,40.0,9.0
0.0,0.0,44.0,44.0,44.0,3.0,47.0,3.0,44.17021276595744,0.0816043159922928,4.0984,3.8368,0.0638297872340425,2.0,10.0,40.0,9.0
0.0,0.0,44.0,44.0,44.0,2.0,46.0,2.0,44.869565217391305,0.0803324031007751,4.0112,3.8368,0.0434782608695652,2.0,10.0,40.0,9.0
0.0,0.0,44.0,44.0,44.0,5.0,50.0,6.0,43.44,0.08297605893186,4.36,3.8368,0.12,2.0,10.0,40.0,9.0
0.0,0.0,45.0,45.0,45.0,3.0,48.0,3.0,45.0,0.08192,4.1856,3.924,0.0625,2.0,10.0,40.0,9.0
0.0,0.0,44.0,44.0,44.0,5.0,49.0,5.0,44.44897959183673,0.0810925252525252,4.2728,3.8368,0.1020408163265306,2.0,10.0,40.0,9.0
0.0,0.0,41.0,42.0,41.0,1.0,43.0,1.0,44.51162790697674,0.0772975548589341,3.7496,3.5752,0.0232558139534883,2.0,10.0,40.0,9.0
0.0,0.0,44.0,44.0,44.0,4.0,48.0,4.0,44.0,0.08192,4.1856,3.8368,0.0833333333333333,2.0,10.0,40.0,9.0
0.0,0.0,45.0,44.0,45.0,4.0,48.0,4.0,44.25,0.0814571751412429,4.1856,3.924,0.0833333333333333,2.0,10.0,40.0,9.0
0.0,0.0,44.0,44.0,44.0,2.0,46.0,2.0,44.869565217391305,0.0803324031007751,4.0112,3.8368,0.0434782608695652,2.0,10.0,40.0,9.0
0.0,0.0,44.0,45.0,44.0,3.0,48.0,3.0,45.5,0.0810197802197802,4.1856,3.8368,0.0625,2.0,10.0,40.0,9.0
0.0,0.0,44.0,43.0,44.0,3.0,46.0,3.0,44.08695652173913,0.0799002761341222,4.0112,3.8368,0.0652173913043478,2.0,10.0,40.0,9.0
0.0,0.0,45.0,45.0,45.0,4.0,49.0,4.0,44.44897959183673,0.0829355371900826,4.2728,3.924,0.0816326530612244,2.0,10.0,40.0,9.0
0.0,0.0,44.0,45.0,44.0,0.0,45.0,0.0,45.06666666666667,0.0817988165680473,3.924,3.8368,0.0,2.0,10.0,40.0,9.0
0.0,0.0,43.0,43.0,43.0,7.0,50.0,7.0,44.16,0.0797681159420289,4.36,3.7496,0.14,2.0,10.0,40.0,9.0
0.0,0.0,43.0,42.0,43.0,0.0,42.0,0.0,44.71428571428572,0.0769472204472843,3.6624,3.7496,0.0,2.0,10.0,40.0,9.0
0.0,0.0,44.0,44.0,44.0,4.0,48.0,4.0,45.0,0.0800995555555555,4.1856,3.8368,0.0833333333333333,2.0,10.0,40.0,9.0
0.0,0.0,45.0,45.0,45.0,2.0,47.0,2.0,44.93617021276596,0.0820363636363636,4.0984,3.924,0.0425531914893617,2.0,10.0,40.0,9.0
0.0,0.0,44.0,44.0,44.0,4.0,48.0,4.0,44.625,0.0807726610644257,4.1856,3.8368,0.0833333333333333,2.0,10.0,40.0,9.0
0.0,0.0,44.0,44.0,44.0,6.0,50.0,6.0,44.52,0.0809631626235399,4.36,3.8368,0.12,2.0,10.0,40.0,9.0
0.0,0.0,44.0,44.0,44.0,1.0,45.0,1.0,44.0,0.08192,3.924,3.8368,0.0222222222222222,2.0,10.0,40.0,9.0
0.0,0.0,45.0,45.0,45.0,6.0,51.0,6.0,45.05882352941177,0.0818130548302871,4.4472,3.924,0.1176470588235294,2.0,10.0,40.0,9.0
0.0,0.0,44.0,44.0,44.0,3.0,47.0,3.0,44.04255319148936,0.0818408502415458,4.0984,3.8368,0.0638297872340425,2.0,10.0,40.0,9.0
0.0,0.0,42.0,42.0,42.0,1.0,43.0,1.0,44.51162790697674,0.0772975548589341,3.7496,3.6624,0.0232558139534883,2.0,10.0,40.0,9.0
0.0,0.0,43.0,44.0,43.0,7.0,51.0,7.0,44.23529411764706,0.0814842553191489,4.4472,3.7496,0.1372549019607843,2.0,10.0,40.0,9.0
0.0,0.0,45.0,44.0,45.0,2.0,46.0,2.0,44.08695652173913,0.0817584220907297,4.0112,3.924,0.0434782608695652,2.0,10.0,40.0,9.0
0.0,0.0,44.0,44.0,44.0,5.0,49.0,5.0,45.06122448979592,0.0799907246376811,4.2728,3.8368,0.1020408163265306,2.0,10.0,40.0,9.0
0.0,0.0,44.0,45.0,44.0,4.0,49.0,4.0,44.08163265306123,0.0836266666666666,4.2728,3.8368,0.0816326530612244,2.0,10.0,40.0,9.0
0.0,0.0,44.0,43.0,44.0,2.0,45.0,2.0,44.266666666666666,0.0795759036144578,3.924,3.8368,0.0444444444444444,2.0,10.0,40.0,9.0
0.0,0.0,45.0,45.0,45.0,5.0,50.0,5.0,45.0,0.08192,4.36,3.924,0.1,2.0,10.0,40.0,9.0
0.0,0.0,45.0,45.0,45.0,1.0,46.0,1.0,45.391304347826086,0.0812137931034482,4.0112,3.924,0.0217391304347826,2.0,10.0,40.0,9.0
0.0,0.0,43.0,43.0,43.0,7.0,50.0,7.0,45.0,0.0782791111111111,4.36,3.7496,0.14,2.0,10.0,40.0,9.0
0.0,0.0,42.0,42.0,42.0,3.0,45.0,3.0,46.66666666666666,0.073728,3.924,3.6624,0.0666666666666666,2.0,10.0,40.0,9.0
0.0,0.0,44.0,44.0,44.0,6.0,50.0,6.0,45.6,0.0790456140350877,4.36,3.8368,0.12,2.0,10.0,40.0,9.0
0.0,0.0,45.0,45.0,45.0,5.0,50.0,5.0,44.4,0.083027027027027,4.36,3.924,0.1,2.0,10.0,40.0,9.0
0.0,0.0,44.0,44.0,44.0,3.0,47.0,3.0,44.17021276595744,0.0816043159922928,4.0984,3.8368,0.0638297872340425,2.0,10.0,40.0,9.0
0.0,0.0,44.0,44.0,44.0,2.0,46.0,2.0,44.60869565217392,0.0808021832358674,4.0112,3.8368,0.0434782608695652,2.0,10.0,40.0,9.0
0.0,0.0,44.0,44.0,44.0,3.0,48.0,4.0,43.875,0.0821533903133903,4.1856,3.8368,0.0833333333333333,2.0,10.0,40.0,9.0
0.0,0.0,45.0,45.0,45.0,3.0,48.0,3.0,44.25,0.0833084745762711,4.1856,3.924,0.0625,2.0,10.0,40.0,9.0
0.0,0.0,44.0,44.0,44.0,2.0,47.0,3.0,43.27659574468085,0.08328936086529,4.0984,3.8368,0.0638297872340425,2.0,10.0,40.0,9.0
0.0,0.0,42.0,42.0,42.0,3.0,45.0,3.0,45.46666666666667,0.0756739002932551,3.924,3.6624,0.0666666666666666,2.0,10.0,40.0,9.0
0.0,0.0,44.0,44.0,44.0,4.0,48.0,4.0,44.75,0.0805470391061452,4.1856,3.8368,0.0833333333333333,2.0,10.0,40.0,9.0
0.0,0.0,44.0,44.0,44.0,6.0,50.0,6.0,45.6,0.0790456140350877,4.36,3.8368,0.12,2.0,10.0,40.0,9.0
0.0,0.0,44.0,45.0,44.0,2.0,47.0,2.0,43.91489361702128,0.0839441860465116,4.0984,3.8368,0.0425531914893617,2.0,10.0,40.0,9.0
0.0,0.0,45.0,44.0,45.0,2.0,46.0,2.0,44.08695652173913,0.0817584220907297,4.0112,3.924,0.0434782608695652,2.0,10.0,40.0,9.0
0.0,0.0,43.0,43.0,43.0,5.0,48.0,5.0,45.0,0.0782791111111111,4.1856,3.7496,0.1041666666666666,2.0,10.0,40.0,9.0
0.0,0.0,45.0,45.0,45.0,5.0,50.0,5.0,44.88,0.082139037433155,4.36,3.924,0.1,2.0,10.0,40.0,9.0
0.0,0.0,45.0,45.0,45.0,3.0,48.0,3.0,44.0,0.0837818181818182,4.1856,3.924,0.0625,2.0,10.0,40.0,9.0
0.0,0.0,43.0,43.0,43.0,4.0,47.0,4.0,44.297872340425535,0.079519846301633,4.0984,3.7496,0.0851063829787234,2.0,10.0,40.0,9.0
0.0,0.0,42.0,42.0,42.0,2.0,44.0,2.0,44.31818181818182,0.0776349538461538,3.8368,3.6624,0.0454545454545454,2.0,10.0,40.0,9.0
0.0,0.0,44.0,44.0,44.0,3.0,47.0,3.0,44.5531914893617,0.0809028462273161,4.0984,3.8368,0.0638297872340425,2.0,10.0,40.0,9.0
0.0,0.0,45.0,45.0,45.0,2.0,47.0,2.0,44.42553191489362,0.0829793103448275,4.0984,3.924,0.0425531914893617,2.0,10.0,40.0,9.0
0.0,0.0,44.0,44.0,44.0,4.0,48.0,4.0,43.75,0.0823881142857142,4.1856,3.8368,0.0833333333333333,2.0,10.0,40.0,9.0
0.0,0.0,44.0,44.0,44.0,2.0,46.0,2.0,44.34782608695652,0.0812774901960784,4.0112,3.8368,0.0434782608695652,2.0,10.0,40.0,9.0
0.0,0.0,44.0,44.0,44.0,1.0,45.0,1.0,43.86666666666667,0.0821689969604863,3.924,3.8368,0.0222222222222222,2.0,10.0,40.0,9.0
0.0,0.0,45.0,45.0,45.0,5.0,50.0,5.0,44.64,0.0825806451612903,4.36,3.924,0.1,2.0,10.0,40.0,9.0
0.0,0.0,44.0,44.0,44.0,3.0,47.0,3.0,44.04255319148936,0.0818408502415458,4.0984,3.8368,0.0638297872340425,2.0,10.0,40.0,9.0
0.0,0.0,42.0,43.0,42.0,2.0,45.0,2.0,45.333333333333336,0.0777035294117647,3.924,3.6624,0.0444444444444444,2.0,10.0,40.0,9.0
0.0,0.0,44.0,43.0,44.0,4.0,47.0,4.0,44.297872340425535,0.079519846301633,4.0984,3.8368,0.0851063829787234,2.0,10.0,40.0,9.0
0.0,0.0,44.0,44.0,44.0,2.0,46.0,2.0,44.34782608695652,0.0812774901960784,4.0112,3.8368,0.0434782608695652,2.0,10.0,40.0,9.0
0.0,0.0,44.0,45.0,44.0,3.0,48.0,3.0,44.5,0.0828404494382022,4.1856,3.8368,0.0625,2.0,10.0,40.0,9.0
0.0,0.0,45.0,44.0,45.0,3.0,47.0,3.0,44.80851063829788,0.080441861348528,4.0984,3.924,0.0638297872340425,2.0,10.0,40.0,9.0
0.0,0.0,43.0,44.0,43.0,3.0,47.0,3.0,44.93617021276596,0.0802133333333333,4.0984,3.7496,0.0638297872340425,2.0,10.0,40.0,9.0
0.0,0.0,45.0,44.0,45.0,5.0,49.0,5.0,44.93877551020408,0.0802086830154405,4.2728,3.924,0.1020408163265306,2.0,10.0,40.0,9.0
0.0,0.0,45.0,45.0,45.0,2.0,47.0,2.0,44.17021276595744,0.0834589595375722,4.0984,3.924,0.0425531914893617,2.0,10.0,40.0,9.0
0.0,0.0,43.0,43.0,43.0,6.0,49.0,6.0,43.59183673469388,0.0808077902621722,4.2728,3.7496,0.1224489795918367,2.0,10.0,40.0,9.0
0.0,0.0,42.0,42.0,42.0,1.0,43.0,1.0,45.2093023255814,0.0761046913580247,3.7496,3.6624,0.0232558139534883,2.0,10.0,40.0,9.0
0.0,0.0,44.0,44.0,44.0,2.0,46.0,2.0,45.78260869565217,0.0787303323836657,4.0112,3.8368,0.0434782608695652,2.0,10.0,40.0,9.0
0.0,0.0,45.0,45.0,45.0,4.0,49.0,4.0,44.44897959183673,0.0829355371900826,4.2728,3.924,0.0816326530612244,2.0,10.0,40.0,9.0
0.0,0.0,44.0,44.0,44.0,3.0,47.0,3.0,44.5531914893617,0.0809028462273161,4.0984,3.8368,0.0638297872340425,2.0,10.0,40.0,9.0
0.0,0.0,44.0,44.0,44.0,4.0,48.0,4.0,45.375,0.0794375757575757,4.1856,3.8368,0.0833333333333333,2.0,10.0,40.0,9.0
0.0,0.0,44.0,44.0,44.0,2.0,46.0,2.0,44.34782608695652,0.0812774901960784,4.0112,3.8368,0.0434782608695652,2.0,10.0,40.0,9.0
0.0,0.0,45.0,45.0,45.0,1.0,46.0,1.0,45.0,0.08192,4.0112,3.924,0.0217391304347826,2.0,10.0,40.0,9.0
0.0,0.0,44.0,44.0,44.0,3.0,47.0,3.0,45.70212765957447,0.0788689757914339,4.0984,3.8368,0.0638297872340425,2.0,10.0,40.0,9.0
0.0,0.0,42.0,43.0,42.0,2.0,46.0,3.0,44.60869565217392,0.0789657699805068,4.0112,3.6624,0.0652173913043478,2.0,10.0,40.0,9.0
0.0,0.0,44.0,43.0,44.0,3.0,46.0,3.0,44.60869565217392,0.0789657699805068,4.0112,3.8368,0.0652173913043478,2.0,10.0,40.0,9.0
0.0,0.0,44.0,44.0,44.0,4.0,48.0,4.0,44.875,0.0803226740947075,4.1856,3.8368,0.0833333333333333,2.0,10.0,40.0,9.0
0.0,0.0,45.0,45.0,45.0,2.0,47.0,2.0,44.80851063829788,0.0822700854700854,4.0984,3.924,0.0425531914893617,2.0,10.0,40.0,9.0
0.0,0.0,44.0,44.0,44.0,2.0,46.0,2.0,44.869565217391305,0.0803324031007751,4.0112,3.8368,0.0434782608695652,2.0,10.0,40.0,9.0
0.0,0.0,44.0,44.0,44.0,6.0,50.0,6.0,44.88,0.080313725490196,4.36,3.8368,0.12,2.0,10.0,40.0,9.0
0.0,0.0,44.0,44.0,44.0,2.0,46.0,2.0,44.60869565217392,0.0808021832358674,4.0112,3.8368,0.0434782608695652,2.0,10.0,40.0,9.0
0.0,0.0,45.0,45.0,45.0,3.0,48.0,3.0,44.375,0.0830738028169014,4.1856,3.924,0.0625,2.0,10.0,40.0,9.0
0.0,0.0,43.0,44.0,43.0,2.0,46.0,2.0,44.73913043478261,0.0805666083576287,4.0112,3.7496,0.0434782608695652,2.0,10.0,40.0,9.0
0.0,0.0,42.0,41.0,42.0,4.0,45.0,4.0,44.66666666666666,0.075195223880597,3.924,3.6624,0.0888888888888888,2.0,10.0,40.0,9.0
0.0,0.0,44.0,44.0,44.0,1.0,45.0,1.0,44.93333333333333,0.0802183976261127,3.924,3.8368,0.0222222222222222,2.0,10.0,40.0,9.0
0.0,0.0,45.0,45.0,45.0,4.0,49.0,4.0,44.69387755102041,0.0824810958904109,4.2728,3.924,0.0816326530612244,2.0,10.0,40.0,9.0
0.0,0.0,44.0,44.0,44.0,2.0,46.0,2.0,44.34782608695652,0.0812774901960784,4.0112,3.8368,0.0434782608695652,2.0,10.0,40.0,9.0
0.0,0.0,44.0,44.0,44.0,4.0,48.0,4.0,44.75,0.0805470391061452,4.1856,3.8368,0.0833333333333333,2.0,10.0,40.0,9.0
0.0,0.0,44.0,44.0,44.0,2.0,46.0,2.0,44.60869565217392,0.0808021832358674,4.0112,3.8368,0.0434782608695652,2.0,10.0,40.0,9.0
0.0,0.0,45.0,45.0,45.0,5.0,50.0,5.0,44.04,0.0837057220708446,4.36,3.924,0.1,2.0,10.0,40.0,9.0
0.0,0.0,44.0,44.0,44.0,2.0,46.0,2.0,44.60869565217392,0.0808021832358674,4.0112,3.8368,0.0434782608695652,2.0,10.0,40.0,9.0
0.0,0.0,43.0,43.0,43.0,4.0,47.0,4.0,44.42553191489362,0.0792913409961685,4.0984,3.7496,0.0851063829787234,2.0,10.0,40.0,9.0
0.0,0.0,43.0,43.0,43.0,3.0,46.0,3.0,44.73913043478261,0.0787355490767735,4.0112,3.7496,0.0652173913043478,2.0,10.0,40.0,9.0
0.0,0.0,44.0,44.0,44.0,2.0,46.0,2.0,44.73913043478261,0.0805666083576287,4.0112,3.8368,0.0434782608695652,2.0,10.0,40.0,9.0
0.0,0.0,45.0,45.0,45.0,4.0,49.0,4.0,44.69387755102041,0.0824810958904109,4.2728,3.924,0.0816326530612244,2.0,10.0,40.0,9.0
0.0,0.0,43.0,44.0,43.0,2.0,46.0,2.0,44.34782608695652,0.0812774901960784,4.0112,3.7496,0.0434782608695652,2.0,10.0,40.0,9.0
0.0,0.0,45.0,44.0,45.0,6.0,50.0,6.0,44.64,0.0807455197132616,4.36,3.924,0.12,2.0,10.0,40.0,9.0
0.0,0.0,44.0,44.0,44.0,1.0,45.0,1.0,43.73333333333333,0.0824195121951219,3.924,3.8368,0.0222222222222222,2.0,10.0,40.0,9.0
0.0,0.0,45.0,45.0,45.0,4.0,49.0,4.0,44.08163265306123,0.0836266666666666,4.2728,3.924,0.0816326530612244,2.0,10.0,40.0,9.0
0.0,0.0,44.0,44.0,44.0,2.0,46.0,2.0,44.47826086956522,0.0810391397849462,4.0112,3.8368,0.0434782608695652,2.0,10.0,40.0,9.0
0.0,0.0,41.0,41.0,41.0,2.0,43.0,2.0,45.627906976744185,0.0736110907237512,3.7496,3.5752,0.0465116279069767,2.0,10.0,40.0,9.0
0.0,0.0,44.0,44.0,44.0,5.0,49.0,5.0,44.44897959183673,0.0810925252525252,4.2728,3.8368,0.1020408163265306,2.0,10.0,40.0,9.0
0.0,0.0,45.0,45.0,45.0,1.0,46.0,1.0,44.73913043478261,0.0823976676384839,4.0112,3.924,0.0217391304347826,2.0,10.0,40.0,9.0
0.0,0.0,44.0,44.0,44.0,4.0,48.0,4.0,44.5,0.0809995505617977,4.1856,3.8368,0.0833333333333333,2.0,10.0,40.0,9.0
0.0,0.0,44.0,44.0,44.0,3.0,47.0,3.0,44.04255319148936,0.0818408502415458,4.0984,3.8368,0.0638297872340425,2.0,10.0,40.0,9.0
0.0,0.0,44.0,44.0,44.0,4.0,48.0,4.0,43.25,0.083340578034682,4.1856,3.8368,0.0833333333333333,2.0,10.0,40.0,9.0
0.0,0.0,45.0,45.0,45.0,1.0,46.0,1.0,43.95652173913044,0.0838646884272997,4.0112,3.924,0.0217391304347826,2.0,10.0,40.0,9.0
0.0,0.0,44.0,44.0,44.0,2.0,46.0,2.0,44.34782608695652,0.0812774901960784,4.0112,3.8368,0.0434782608695652,2.0,10.0,40.0,9.0
0.0,0.0,43.0,43.0,43.0,3.0,46.0,3.0,45.26086956521739,0.077827934678194,4.0112,3.7496,0.0652173913043478,2.0,10.0,40.0,9.0
0.0,0.0,43.0,43.0,43.0,2.0,45.0,2.0,44.93333333333333,0.0783952522255193,3.924,3.7496,0.0444444444444444,2.0,10.0,40.0,9.0
0.0,0.0,44.0,44.0,44.0,6.0,50.0,6.0,44.16,0.081623188405797,4.36,3.8368,0.12,2.0,10.0,40.0,9.0
0.0,0.0,45.0,45.0,45.0,3.0,48.0,3.0,43.5,0.0847448275862068,4.1856,3.924,0.0625,2.0,10.0,40.0,9.0
0.0,0.0,44.0,44.0,44.0,1.0,45.0,1.0,44.13333333333333,0.08167250755287,3.924,3.8368,0.0222222222222222,2.0,10.0,40.0,9.0
0.0,0.0,44.0,44.0,44.0,7.0,51.0,7.0,44.0,0.08192,4.4472,3.8368,0.1372549019607843,2.0,10.0,40.0,9.0
0.0,0.0,44.0,44.0,44.0,1.0,45.0,1.0,43.2,0.083437037037037,3.924,3.8368,0.0222222222222222,2.0,10.0,40.0,9.0
0.0,0.0,45.0,45.0,45.0,6.0,51.0,6.0,44.11764705882353,0.0835583999999999,4.4472,3.924,0.1176470588235294,2.0,10.0,40.0,9.0
0.0,0.0,44.0,44.0,44.0,1.0,45.0,1.0,43.86666666666667,0.0821689969604863,3.924,3.8368,0.0222222222222222,2.0,10.0,40.0,9.0
0.0,0.0,41.0,41.0,41.0,3.0,44.0,3.0,44.59090909090909,0.0753229765545361,3.8368,3.5752,0.0681818181818181,2.0,10.0,40.0,9.0
0.0,0.0,44.0,44.0,44.0,7.0,51.0,7.0,44.8235294117647,0.0804149081364829,4.4472,3.8368,0.1372549019607843,2.0,10.0,40.0,9.0
0.0,0.0,45.0,45.0,45.0,4.0,49.0,4.0,44.326530612244895,0.0831646408839778,4.2728,3.924,0.0816326530612244,2.0,10.0,40.0,9.0
0.0,0.0,44.0,44.0,44.0,3.0,47.0,3.0,43.7872340425532,0.0823180563654033,4.0984,3.8368,0.0638297872340425,2.0,10.0,40.0,9.0
0.0,0.0,44.0,44.0,44.0,1.0,45.0,1.0,44.93333333333333,0.0802183976261127,3.924,3.8368,0.0222222222222222,2.0,10.0,40.0,9.0
0.0,0.0,44.0,44.0,44.0,6.0,50.0,6.0,44.16,0.081623188405797,4.36,3.8368,0.12,2.0,10.0,40.0,9.0
0.0,0.0,45.0,45.0,45.0,3.0,48.0,3.0,42.5,0.0867388235294117,4.1856,3.924,0.0625,2.0,10.0,40.0,9.0
0.0,0.0,44.0,44.0,44.0,4.0,48.0,4.0,43.125,0.0835821449275362,4.1856,3.8368,0.0833333333333333,2.0,10.0,40.0,9.0
0.0,0.0,43.0,43.0,43.0,3.0,46.0,3.0,44.47826086956522,0.0791973411534701,4.0112,3.7496,0.0652173913043478,2.0,10.0,40.0,9.0
0.0,0.0,43.0,43.0,43.0,4.0,47.0,4.0,44.42553191489362,0.0792913409961685,4.0984,3.7496,0.0851063829787234,2.0,10.0,40.0,9.0
0.0,0.0,44.0,44.0,44.0,3.0,47.0,3.0,44.17021276595744,0.0816043159922928,4.0984,3.8368,0.0638297872340425,2.0,10.0,40.0,9.0
0.0,0.0,45.0,45.0,45.0,2.0,47.0,2.0,44.04255319148936,0.0837008695652173,4.0984,3.924,0.0425531914893617,2.0,10.0,40.0,9.0
0.0,0.0,44.0,44.0,44.0,6.0,50.0,6.0,44.64,0.0807455197132616,4.36,3.8368,0.12,2.0,10.0,40.0,9.0
0.0,0.0,44.0,44.0,44.0,2.0,46.0,2.0,44.34782608695652,0.0812774901960784,4.0112,3.8368,0.0434782608695652,2.0,10.0,40.0,9.0
0.0,0.0,44.0,44.0,44.0,2.0,46.0,2.0,43.82608695652174,0.0822450793650793,4.0112,3.8368,0.0434782608695652,2.0,10.0,40.0,9.0
0.0,0.0,45.0,45.0,45.0,2.0,47.0,2.0,45.191489361702125,0.0815728813559322,4.0984,3.924,0.0425531914893617,2.0,10.0,40.0,9.0
0.0,0.0,44.0,44.0,44.0,9.0,53.0,9.0,44.83018867924528,0.0804029629629629,4.6216,3.8368,0.1698113207547169,2.0,10.0,40.0,9.0
0.0,0.0,41.0,42.0,41.0,0.0,42.0,0.0,44.42857142857143,0.0774420578778135,3.6624,3.5752,0.0,2.0,10.0,40.0,9.0
0.0,0.0,44.0,44.0,44.0,5.0,49.0,5.0,44.326530612244895,0.0813165377532228,4.2728,3.8368,0.1020408163265306,2.0,10.0,40.0,9.0
0.0,0.0,45.0,44.0,45.0,4.0,48.0,4.0,43.75,0.0823881142857142,4.1856,3.924,0.0833333333333333,2.0,10.0,40.0,9.0
0.0,0.0,44.0,44.0,44.0,4.0,48.0,4.0,43.75,0.0823881142857142,4.1856,3.8368,0.0833333333333333,2.0,10.0,40.0,9.0
0.0,0.0,44.0,45.0,44.0,1.0,46.0,1.0,44.08695652173913,0.0836165680473372,4.0112,3.8368,0.0217391304347826,2.0,10.0,40.0,9.0
0.0,0.0,44.0,43.0,44.0,2.0,45.0,2.0,44.4,0.0793369369369369,3.924,3.8368,0.0444444444444444,2.0,10.0,40.0,9.0
0.0,0.0,45.0,45.0,45.0,6.0,51.0,6.0,45.05882352941177,0.0818130548302871,4.4472,3.924,0.1176470588235294,2.0,10.0,40.0,9.0
0.0,0.0,44.0,45.0,44.0,2.0,47.0,2.0,43.91489361702128,0.0839441860465116,4.0984,3.8368,0.0425531914893617,2.0,10.0,40.0,9.0
0.0,0.0,43.0,43.0,43.0,7.0,50.0,7.0,45.48,0.0774529463500439,4.36,3.7496,0.14,2.0,10.0,40.0,9.0
0.0,0.0,43.0,42.0,43.0,9.0,51.0,9.0,46.588235294117645,0.0738521212121212,4.4472,3.7496,0.1764705882352941,2.0,10.0,40.0,9.0
0.0,0.0,44.0,44.0,44.0,6.0,50.0,6.0,45.72,0.078838145231846,4.36,3.8368,0.12,2.0,10.0,40.0,9.0
0.0,0.0,45.0,45.0,45.0,3.0,48.0,3.0,44.25,0.0833084745762711,4.1856,3.924,0.0625,2.0,10.0,40.0,9.0
0.0,0.0,44.0,44.0,44.0,4.0,48.0,4.0,44.0,0.08192,4.1856,3.8368,0.0833333333333333,2.0,10.0,40.0,9.0
0.0,0.0,44.0,44.0,44.0,4.0,48.0,4.0,44.5,0.0809995505617977,4.1856,3.8368,0.0833333333333333,2.0,10.0,40.0,9.0
0.0,0.0,44.0,44.0,44.0,4.0,48.0,4.0,45.25,0.0796570165745856,4.1856,3.8368,0.0833333333333333,2.0,10.0,40.0,9.0
0.0,0.0,45.0,45.0,45.0,8.0,53.0,8.0,43.58490566037736,0.0845797402597402,4.6216,3.924,0.1509433962264151,2.0,10.0,40.0,9.0
0.0,0.0,44.0,44.0,44.0,1.0,45.0,1.0,42.53333333333333,0.0847448275862069,3.924,3.8368,0.0222222222222222,2.0,10.0,40.0,9.0
0.0,0.0,42.0,42.0,42.0,6.0,48.0,6.0,43.25,0.0795523699421965,4.1856,3.6624,0.125,2.0,10.0,40.0,9.0
0.0,0.0,43.0,44.0,43.0,3.0,47.0,3.0,42.51063829787234,0.08479007007007,4.0984,3.7496,0.0638297872340425,2.0,10.0,40.0,9.0
0.0,0.0,45.0,44.0,45.0,4.0,48.0,4.0,43.0,0.0838251162790697,4.1856,3.924,0.0833333333333333,2.0,10.0,40.0,9.0
0.0,0.0,44.0,44.0,44.0,3.0,47.0,3.0,43.14893617021277,0.0835357790927021,4.0984,3.8368,0.0638297872340425,2.0,10.0,40.0,9.0
0.0,0.0,44.0,45.0,44.0,2.0,47.0,2.0,43.659574468085104,0.0844350877192982,4.0984,3.8368,0.0425531914893617,2.0,10.0,40.0,9.0
0.0,0.0,44.0,43.0,44.0,6.0,49.0,6.0,44.204081632653065,0.079688568790397,4.2728,3.8368,0.1224489795918367,2.0,10.0,40.0,9.0
0.0,0.0,45.0,45.0,45.0,1.0,46.0,1.0,42.52173913043478,0.0866944785276073,4.0112,3.924,0.0217391304347826,2.0,10.0,40.0,9.0
0.0,0.0,45.0,45.0,45.0,4.0,49.0,4.0,44.204081632653065,0.0833950138504155,4.2728,3.924,0.0816326530612244,2.0,10.0,40.0,9.0
0.0,0.0,42.0,43.0,42.0,2.0,45.0,2.0,42.13333333333333,0.0836050632911392,3.924,3.6624,0.0444444444444444,2.0,10.0,40.0,9.0
0.0,0.0,43.0,42.0,43.0,4.0,46.0,4.0,43.04347826086956,0.0799340606060606,4.0112,3.7496,0.0869565217391304,2.0,10.0,40.0,9.0
0.0,0.0,44.0,44.0,44.0,3.0,47.0,3.0,43.659574468085104,0.0825587524366471,4.0984,3.8368,0.0638297872340425,2.0,10.0,40.0,9.0
0.0,0.0,45.0,45.0,45.0,5.0,50.0,5.0,42.48,0.0867796610169491,4.36,3.924,0.1,2.0,10.0,40.0,9.0
0.0,0.0,44.0,44.0,44.0,1.0,45.0,1.0,44.0,0.08192,3.924,3.8368,0.0222222222222222,2.0,10.0,40.0,9.0
0.0,0.0,44.0,44.0,44.0,7.0,51.0,7.0,44.47058823529412,0.0810531216931216,4.4472,3.8368,0.1372549019607843,2.0,10.0,40.0,9.0
0.0,0.0,44.0,44.0,44.0,4.0,48.0,4.0,44.375,0.0812277183098591,4.1856,3.8368,0.0833333333333333,2.0,10.0,40.0,9.0
0.0,0.0,45.0,45.0,45.0,8.0,53.0,8.0,44.264150943396224,0.083281841432225,4.6216,3.924,0.1509433962264151,2.0,10.0,40.0,9.0
0.0,0.0,44.0,44.0,44.0,3.0,47.0,3.0,43.27659574468085,0.08328936086529,4.0984,3.8368,0.0638297872340425,2.0,10.0,40.0,9.0
0.0,0.0,42.0,42.0,42.0,7.0,49.0,7.0,43.3469387755102,0.0793744632768361,4.2728,3.6624,0.1428571428571428,2.0,10.0,40.0,9.0
0.0,0.0,43.0,44.0,43.0,2.0,46.0,2.0,42.130434782608695,0.0855552528379773,4.0112,3.7496,0.0434782608695652,2.0,10.0,40.0,9.0
0.0,0.0,45.0,44.0,45.0,1.0,45.0,1.0,42.93333333333333,0.0839552795031055,3.924,3.924,0.0222222222222222,2.0,10.0,40.0,9.0
0.0,0.0,44.0,44.0,44.0,6.0,50.0,6.0,44.52,0.0809631626235399,4.36,3.8368,0.12,2.0,10.0,40.0,9.0
0.0,0.0,44.0,45.0,44.0,4.0,49.0,4.0,44.204081632653065,0.0833950138504155,4.2728,3.8368,0.0816326530612244,2.0,10.0,40.0,9.0
0.0,0.0,44.0,43.0,44.0,5.0,48.0,5.0,44.875,0.0784971587743732,4.1856,3.8368,0.1041666666666666,2.0,10.0,40.0,9.0
0.0,0.0,45.0,45.0,45.0,3.0,48.0,3.0,43.875,0.0840205128205128,4.1856,3.924,0.0625,2.0,10.0,40.0,9.0
0.0,0.0,45.0,45.0,45.0,3.0,48.0,3.0,44.25,0.0833084745762711,4.1856,3.924,0.0625,2.0,10.0,40.0,9.0
0.0,0.0,43.0,43.0,43.0,4.0,47.0,4.0,43.53191489361702,0.0809190224828934,4.0984,3.7496,0.0851063829787234,2.0,10.0,40.0,9.0
0.0,0.0,42.0,42.0,42.0,6.0,48.0,6.0,45.0,0.0764586666666666,4.1856,3.6624,0.125,2.0,10.0,40.0,9.0
0.0,0.0,44.0,44.0,44.0,3.0,47.0,3.0,43.659574468085104,0.0825587524366471,4.0984,3.8368,0.0638297872340425,2.0,10.0,40.0,9.0
0.0,0.0,45.0,45.0,45.0,4.0,49.0,4.0,44.44897959183673,0.0829355371900826,4.2728,3.924,0.0816326530612244,2.0,10.0,40.0,9.0
0.0,0.0,44.0,44.0,44.0,7.0,51.0,7.0,43.76470588235294,0.0823604301075268,4.4472,3.8368,0.1372549019607843,2.0,10.0,40.0,9.0
0.0,0.0,44.0,44.0,44.0,3.0,47.0,3.0,43.14893617021277,0.0835357790927021,4.0984,3.8368,0.0638297872340425,2.0,10.0,40.0,9.0
0.0,0.0,44.0,44.0,44.0,4.0,48.0,4.0,43.375,0.0831004034582132,4.1856,3.8368,0.0833333333333333,2.0,10.0,40.0,9.0
0.0,0.0,45.0,45.0,45.0,2.0,47.0,2.0,42.63829787234042,0.0864574850299401,4.0984,3.924,0.0425531914893617,2.0,10.0,40.0,9.0
0.0,0.0,43.0,44.0,43.0,4.0,48.0,4.0,42.625,0.0845625806451612,4.1856,3.7496,0.0833333333333333,2.0,10.0,40.0,9.0
0.0,0.0,43.0,43.0,43.0,3.0,46.0,3.0,43.82608695652174,0.080375873015873,4.0112,3.7496,0.0652173913043478,2.0,10.0,40.0,9.0
0.0,0.0,44.0,43.0,44.0,6.0,49.0,6.0,43.46938775510204,0.0810354178403755,4.2728,3.8368,0.1224489795918367,2.0,10.0,40.0,9.0
0.0,0.0,44.0,44.0,44.0,2.0,46.0,2.0,42.52173913043478,0.0847679345603271,4.0112,3.8368,0.0434782608695652,2.0,10.0,40.0,9.0
0.0,0.0,44.0,45.0,44.0,3.0,48.0,3.0,42.875,0.0859801749271137,4.1856,3.8368,0.0625,2.0,10.0,40.0,9.0
0.0,0.0,45.0,44.0,45.0,6.0,50.0,6.0,42.36,0.0850915958451369,4.36,3.924,0.12,2.0,10.0,40.0,9.0
0.0,0.0,43.0,44.0,43.0,1.0,45.0,1.0,42.13333333333333,0.0855493670886075,3.924,3.7496,0.0222222222222222,2.0,10.0,40.0,9.0
0.0,0.0,45.0,44.0,45.0,4.0,48.0,4.0,41.75,0.0863348502994011,4.1856,3.924,0.0833333333333333,2.0,10.0,40.0,9.0
0.0,0.0,45.0,45.0,45.0,0.0,45.0,0.0,42.93333333333333,0.085863354037267,3.924,3.924,0.0,2.0,10.0,40.0,9.0
0.0,0.0,43.0,43.0,43.0,6.0,49.0,6.0,42.36734693877551,0.0831432755298651,4.2728,3.7496,0.1224489795918367,2.0,10.0,40.0,9.0
0.0,0.0,42.0,42.0,42.0,1.0,43.0,1.0,43.25581395348837,0.0795416774193548,3.7496,3.6624,0.0232558139534883,2.0,10.0,40.0,9.0
0.0,0.0,44.0,44.0,44.0,5.0,49.0,5.0,43.83673469387755,0.0822251024208566,4.2728,3.8368,0.1020408163265306,2.0,10.0,40.0,9.0
0.0,0.0,45.0,45.0,45.0,2.0,47.0,2.0,43.91489361702128,0.0839441860465116,4.0984,3.924,0.0425531914893617,2.0,10.0,40.0,9.0
0.0,0.0,44.0,44.0,44.0,8.0,52.0,8.0,43.84615384615385,0.0822074385964912,4.5344,3.8368,0.1538461538461538,2.0,10.0,40.0,9.0
0.0,0.0,44.0,44.0,44.0,2.0,46.0,2.0,43.04347826086956,0.0837404444444444,4.0112,3.8368,0.0434782608695652,2.0,10.0,40.0,9.0
0.0,0.0,44.0,44.0,44.0,6.0,50.0,6.0,43.32,0.0832059095106186,4.36,3.8368,0.12,2.0,10.0,40.0,9.0
0.0,0.0,45.0,45.0,45.0,3.0,48.0,3.0,43.75,0.0842605714285714,4.1856,3.924,0.0625,2.0,10.0,40.0,9.0
0.0,0.0,44.0,44.0,44.0,9.0,53.0,9.0,43.9245283018868,0.0820607560137457,4.6216,3.8368,0.1698113207547169,2.0,10.0,40.0,9.0
0.0,0.0,42.0,43.0,42.0,4.0,47.0,4.0,44.04255319148936,0.0799808309178743,4.0984,3.6624,0.0851063829787234,2.0,10.0,40.0,9.0
0.0,0.0,44.0,43.0,44.0,7.0,50.0,7.0,43.32,0.08131486611265,4.36,3.8368,0.14,2.0,10.0,40.0,9.0
0.0,0.0,44.0,44.0,44.0,1.0,45.0,1.0,42.66666666666666,0.08448,3.924,3.8368,0.0222222222222222,2.0,10.0,40.0,9.0
0.0,0.0,45.0,45.0,45.0,5.0,50.0,5.0,42.96,0.0858100558659217,4.36,3.924,0.1,2.0,10.0,40.0,9.0
0.0,0.0,44.0,44.0,44.0,1.0,45.0,1.0,42.53333333333333,0.0847448275862069,3.924,3.8368,0.0222222222222222,2.0,10.0,40.0,9.0
0.0,0.0,43.0,44.0,43.0,7.0,51.0,7.0,43.52941176470589,0.0828056216216216,4.4472,3.7496,0.1372549019607843,2.0,10.0,40.0,9.0
0.0,0.0,45.0,44.0,45.0,1.0,45.0,1.0,42.66666666666666,0.08448,3.924,3.924,0.0222222222222222,2.0,10.0,40.0,9.0
0.0,0.0,45.0,45.0,45.0,4.0,49.0,4.0,42.85714285714285,0.086016,4.2728,3.924,0.0816326530612244,2.0,10.0,40.0,9.0
0.0,0.0,43.0,44.0,43.0,3.0,47.0,3.0,42.255319148936174,0.085302396777442,4.0984,3.7496,0.0638297872340425,2.0,10.0,40.0,9.0
0.0,0.0,42.0,41.0,42.0,4.0,45.0,4.0,43.2,0.0777481481481481,3.924,3.6624,0.0888888888888888,2.0,10.0,40.0,9.0
0.0,0.0,44.0,44.0,44.0,6.0,50.0,6.0,42.72,0.0843745318352059,4.36,3.8368,0.12,2.0,10.0,40.0,9.0
0.0,0.0,45.0,45.0,45.0,3.0,48.0,3.0,42.0,0.0877714285714285,4.1856,3.924,0.0625,2.0,10.0,40.0,9.0
0.0,0.0,44.0,44.0,44.0,3.0,47.0,3.0,42.51063829787234,0.08479007007007,4.0984,3.8368,0.0638297872340425,2.0,10.0,40.0,9.0
0.0,0.0,44.0,44.0,44.0,3.0,47.0,3.0,42.63829787234042,0.0845362075848303,4.0984,3.8368,0.0638297872340425,2.0,10.0,40.0,9.0
0.0,0.0,44.0,44.0,44.0,5.0,49.0,5.0,41.87755102040816,0.0860718908382066,4.2728,3.8368,0.1020408163265306,2.0,10.0,40.0,9.0
0.0,0.0,45.0,45.0,45.0,1.0,46.0,1.0,42.0,0.0877714285714285,4.0112,3.924,0.0217391304347826,2.0,10.0,40.0,9.0
0.0,0.0,44.0,44.0,44.0,6.0,50.0,6.0,43.08,0.083669452181987,4.36,3.8368,0.12,2.0,10.0,40.0,9.0
0.0,0.0,43.0,43.0,43.0,6.0,49.0,6.0,43.10204081632653,0.0817260606060606,4.2728,3.7496,0.1224489795918367,2.0,10.0,40.0,9.0
0.0,0.0,43.0,43.0,43.0,3.0,46.0,3.0,41.60869565217392,0.0846592267502612,4.0112,3.7496,0.0652173913043478,2.0,10.0,40.0,9.0
0.0,0.0,44.0,44.0,44.0,2.0,46.0,2.0,42.78260869565217,0.0842510569105691,4.0112,3.8368,0.0434782608695652,2.0,10.0,40.0,9.0
0.0,0.0,45.0,45.0,45.0,6.0,51.0,6.0,43.05882352941177,0.0856131147540983,4.4472,3.924,0.1176470588235294,2.0,10.0,40.0,9.0
0.0,0.0,44.0,44.0,44.0,2.0,46.0,2.0,42.130434782608695,0.0855552528379773,4.0112,3.8368,0.0434782608695652,2.0,10.0,40.0,9.0
0.0,0.0,44.0,44.0,44.0,7.0,51.0,7.0,43.05882352941177,0.0837106010928961,4.4472,3.8368,0.1372549019607843,2.0,10.0,40.0,9.0
0.0,0.0,44.0,44.0,44.0,0.0,44.0,0.0,41.45454545454545,0.0869501754385964,3.8368,3.8368,0.0,2.0,10.0,40.0,9.0
0.0,0.0,45.0,45.0,45.0,3.0,48.0,3.0,42.25,0.0872520710059171,4.1856,3.924,0.0625,2.0,10.0,40.0,9.0
0.0,0.0,44.0,44.0,44.0,4.0,48.0,4.0,41.375,0.087117341389728,4.1856,3.8368,0.0833333333333333,2.0,10.0,40.0,9.0
0.0,0.0,41.0,41.0,41.0,3.0,44.0,3.0,41.45454545454545,0.0810217543859649,3.8368,3.5752,0.0681818181818181,2.0,10.0,40.0,9.0
0.0,0.0,44.0,44.0,44.0,3.0,47.0,3.0,42.12765957446808,0.0855608888888889,4.0984,3.8368,0.0638297872340425,2.0,10.0,40.0,9.0
0.0,0.0,45.0,45.0,45.0,3.0,48.0,3.0,41.5,0.0888289156626506,4.1856,3.924,0.0625,2.0,10.0,40.0,9.0
0.0,0.0,44.0,44.0,44.0,2.0,46.0,2.0,41.08695652173913,0.0877280846560846,4.0112,3.8368,0.0434782608695652,2.0,10.0,40.0,9.0
0.0,0.0,44.0,44.0,44.0,3.0,47.0,3.0,42.38297872340426,0.0850454618473895,4.0984,3.8368,0.0638297872340425,2.0,10.0,40.0,9.0
0.0,0.0,44.0,44.0,44.0,5.0,49.0,5.0,42.61224489795919,0.0845878927203064,4.2728,3.8368,0.1020408163265306,2.0,10.0,40.0,9.0
0.0,0.0,45.0,45.0,45.0,2.0,47.0,2.0,42.63829787234042,0.0864574850299401,4.0984,3.924,0.0425531914893617,2.0,10.0,40.0,9.0
0.0,0.0,44.0,44.0,44.0,5.0,49.0,5.0,42.734693877551024,0.0843455205348615,4.2728,3.8368,0.1020408163265306,2.0,10.0,40.0,9.0
0.0,0.0,43.0,43.0,43.0,5.0,48.0,5.0,41.375,0.0851374018126888,4.1856,3.7496,0.1041666666666666,2.0,10.0,40.0,9.0
0.0,0.0,42.0,43.0,42.0,5.0,47.0,4.0,42.765957446808514,0.0823683184079601,4.0984,3.6624,0.0851063829787234,2.0,10.0,40.0,9.0
